3080	4	0	0
1	55	-1	-1	
2	56	0	-1	
3	57	1	-1	
4	58	2	-1	
5	59	3	-1	
6	60	4	-1	
7	61	5	-1	
8	62	6	-1	
9	63	7	-1	
10	64	8	-1	
11	65	9	-1	
12	66	10	-1	
13	67	11	-1	
14	68	12	-1	
15	69	13	-1	
16	70	14	-1	
17	71	15	-1	
18	72	16	-1	
19	73	17	-1	
20	74	18	-1	
21	75	19	-1	
22	76	20	-1	
23	77	21	-1	
24	78	22	-1	
25	79	23	-1	
26	80	24	-1	
27	81	25	-1	
28	82	26	-1	
29	83	27	-1	
30	84	28	-1	
31	85	29	-1	
32	86	30	-1	
33	87	31	-1	
34	88	32	-1	
35	89	33	-1	
36	90	34	-1	
37	91	35	-1	
38	92	36	-1	
39	93	37	-1	
40	94	38	-1	
41	95	39	-1	
42	96	40	-1	
43	97	41	-1	
44	98	42	-1	
45	99	43	-1	
46	100	44	-1	
47	101	45	-1	
48	102	46	-1	
49	103	47	-1	
50	104	48	-1	
51	105	49	-1	
52	106	50	-1	
53	107	51	-1	
54	108	52	-1	
-1	109	53	-1	
56	110	-1	0	
57	111	55	1	
58	112	56	2	
59	113	57	3	
60	114	58	4	
61	115	59	5	
62	116	60	6	
63	117	61	7	
64	118	62	8	
65	119	63	9	
66	120	64	10	
67	121	65	11	
68	122	66	12	
69	123	67	13	
70	124	68	14	
71	125	69	15	
72	126	70	16	
73	127	71	17	
74	128	72	18	
75	129	73	19	
76	130	74	20	
77	131	75	21	
78	132	76	22	
79	133	77	23	
80	134	78	24	
81	135	79	25	
82	136	80	26	
83	137	81	27	
84	138	82	28	
85	139	83	29	
86	140	84	30	
87	141	85	31	
88	142	86	32	
89	143	87	33	
90	144	88	34	
91	145	89	35	
92	146	90	36	
93	147	91	37	
94	148	92	38	
95	149	93	39	
96	150	94	40	
97	151	95	41	
98	152	96	42	
99	153	97	43	
100	154	98	44	
101	155	99	45	
102	156	100	46	
103	157	101	47	
104	158	102	48	
105	159	103	49	
106	160	104	50	
107	161	105	51	
108	162	106	52	
109	163	107	53	
-1	164	108	54	
111	165	-1	55	
112	166	110	56	
113	167	111	57	
114	168	112	58	
115	169	113	59	
116	170	114	60	
117	171	115	61	
118	172	116	62	
119	173	117	63	
120	174	118	64	
121	175	119	65	
122	176	120	66	
123	177	121	67	
124	178	122	68	
125	179	123	69	
126	180	124	70	
127	181	125	71	
128	182	126	72	
129	183	127	73	
130	184	128	74	
131	185	129	75	
132	186	130	76	
133	187	131	77	
134	188	132	78	
135	189	133	79	
136	190	134	80	
137	191	135	81	
138	192	136	82	
139	193	137	83	
140	194	138	84	
141	195	139	85	
142	196	140	86	
143	197	141	87	
144	198	142	88	
145	199	143	89	
146	200	144	90	
147	201	145	91	
148	202	146	92	
149	203	147	93	
150	204	148	94	
151	205	149	95	
152	206	150	96	
153	207	151	97	
154	208	152	98	
155	209	153	99	
156	210	154	100	
157	211	155	101	
158	212	156	102	
159	213	157	103	
160	214	158	104	
161	215	159	105	
162	216	160	106	
163	217	161	107	
164	218	162	108	
-1	219	163	109	
166	220	-1	110	
167	221	165	111	
168	222	166	112	
169	223	167	113	
170	224	168	114	
171	225	169	115	
172	226	170	116	
173	227	171	117	
174	228	172	118	
175	229	173	119	
176	230	174	120	
177	231	175	121	
178	232	176	122	
179	233	177	123	
180	234	178	124	
181	235	179	125	
182	236	180	126	
183	237	181	127	
184	238	182	128	
185	239	183	129	
186	240	184	130	
187	241	185	131	
188	242	186	132	
189	243	187	133	
190	244	188	134	
191	245	189	135	
192	246	190	136	
193	247	191	137	
194	248	192	138	
195	249	193	139	
196	250	194	140	
197	251	195	141	
198	252	196	142	
199	253	197	143	
200	254	198	144	
201	255	199	145	
202	256	200	146	
203	257	201	147	
204	258	202	148	
205	259	203	149	
206	260	204	150	
207	261	205	151	
208	262	206	152	
209	263	207	153	
210	264	208	154	
211	265	209	155	
212	266	210	156	
213	267	211	157	
214	268	212	158	
215	269	213	159	
216	270	214	160	
217	271	215	161	
218	272	216	162	
219	273	217	163	
-1	274	218	164	
221	275	-1	165	
222	276	220	166	
223	277	221	167	
224	278	222	168	
225	279	223	169	
226	280	224	170	
227	281	225	171	
228	282	226	172	
229	283	227	173	
230	284	228	174	
231	285	229	175	
232	286	230	176	
233	287	231	177	
234	288	232	178	
235	289	233	179	
236	290	234	180	
237	291	235	181	
238	292	236	182	
239	293	237	183	
240	294	238	184	
241	295	239	185	
242	296	240	186	
243	297	241	187	
244	298	242	188	
245	299	243	189	
246	300	244	190	
247	301	245	191	
248	302	246	192	
249	303	247	193	
250	304	248	194	
251	305	249	195	
252	306	250	196	
253	307	251	197	
254	308	252	198	
255	309	253	199	
256	310	254	200	
257	311	255	201	
258	312	256	202	
259	313	257	203	
260	314	258	204	
261	315	259	205	
262	316	260	206	
263	317	261	207	
264	318	262	208	
265	319	263	209	
266	320	264	210	
267	321	265	211	
268	322	266	212	
269	323	267	213	
270	324	268	214	
271	325	269	215	
272	326	270	216	
273	327	271	217	
274	328	272	218	
-1	329	273	219	
276	330	-1	220	
277	331	275	221	
278	332	276	222	
279	333	277	223	
280	334	278	224	
281	335	279	225	
282	336	280	226	
283	337	281	227	
284	338	282	228	
285	339	283	229	
286	340	284	230	
287	341	285	231	
288	342	286	232	
289	343	287	233	
290	344	288	234	
291	345	289	235	
292	346	290	236	
293	347	291	237	
294	348	292	238	
295	349	293	239	
296	350	294	240	
297	351	295	241	
298	352	296	242	
299	353	297	243	
300	354	298	244	
301	355	299	245	
302	356	300	246	
303	357	301	247	
304	358	302	248	
305	359	303	249	
306	360	304	250	
307	361	305	251	
308	362	306	252	
309	363	307	253	
310	364	308	254	
311	365	309	255	
312	366	310	256	
313	367	311	257	
314	368	312	258	
315	369	313	259	
316	370	314	260	
317	371	315	261	
318	372	316	262	
319	373	317	263	
320	374	318	264	
321	375	319	265	
322	376	320	266	
323	377	321	267	
324	378	322	268	
325	379	323	269	
326	380	324	270	
327	381	325	271	
328	382	326	272	
329	383	327	273	
-1	384	328	274	
331	385	-1	275	
332	386	330	276	
333	387	331	277	
334	388	332	278	
335	389	333	279	
336	390	334	280	
337	391	335	281	
338	392	336	282	
339	393	337	283	
340	394	338	284	
341	395	339	285	
342	396	340	286	
343	397	341	287	
344	398	342	288	
345	399	343	289	
346	400	344	290	
347	401	345	291	
348	402	346	292	
349	403	347	293	
350	404	348	294	
351	405	349	295	
352	406	350	296	
353	407	351	297	
354	408	352	298	
355	409	353	299	
356	410	354	300	
357	411	355	301	
358	412	356	302	
359	413	357	303	
360	414	358	304	
361	415	359	305	
362	416	360	306	
363	417	361	307	
364	418	362	308	
365	419	363	309	
366	420	364	310	
367	421	365	311	
368	422	366	312	
369	423	367	313	
370	424	368	314	
371	425	369	315	
372	426	370	316	
373	427	371	317	
374	428	372	318	
375	429	373	319	
376	430	374	320	
377	431	375	321	
378	432	376	322	
379	433	377	323	
380	434	378	324	
381	435	379	325	
382	436	380	326	
383	437	381	327	
384	438	382	328	
-1	439	383	329	
386	440	-1	330	
387	441	385	331	
388	442	386	332	
389	443	387	333	
390	444	388	334	
391	445	389	335	
392	446	390	336	
393	447	391	337	
394	448	392	338	
395	449	393	339	
396	450	394	340	
397	451	395	341	
398	452	396	342	
399	453	397	343	
400	454	398	344	
401	455	399	345	
402	456	400	346	
403	457	401	347	
404	458	402	348	
405	459	403	349	
406	460	404	350	
407	461	405	351	
408	462	406	352	
409	463	407	353	
410	464	408	354	
411	465	409	355	
412	466	410	356	
413	467	411	357	
414	468	412	358	
415	469	413	359	
416	470	414	360	
417	471	415	361	
418	472	416	362	
419	473	417	363	
420	474	418	364	
421	475	419	365	
422	476	420	366	
423	477	421	367	
424	478	422	368	
425	479	423	369	
426	480	424	370	
427	481	425	371	
428	482	426	372	
429	483	427	373	
430	484	428	374	
431	485	429	375	
432	486	430	376	
433	487	431	377	
434	488	432	378	
435	489	433	379	
436	490	434	380	
437	491	435	381	
438	492	436	382	
439	493	437	383	
-1	494	438	384	
441	495	-1	385	
442	496	440	386	
443	497	441	387	
444	498	442	388	
445	499	443	389	
446	500	444	390	
447	501	445	391	
448	502	446	392	
449	503	447	393	
450	504	448	394	
451	505	449	395	
452	506	450	396	
453	507	451	397	
454	508	452	398	
455	509	453	399	
456	510	454	400	
457	511	455	401	
458	512	456	402	
459	513	457	403	
460	514	458	404	
461	515	459	405	
462	516	460	406	
463	517	461	407	
464	518	462	408	
465	519	463	409	
466	520	464	410	
467	521	465	411	
468	522	466	412	
469	523	467	413	
470	524	468	414	
471	525	469	415	
472	526	470	416	
473	527	471	417	
474	528	472	418	
475	529	473	419	
476	530	474	420	
477	531	475	421	
478	532	476	422	
479	533	477	423	
480	534	478	424	
481	535	479	425	
482	536	480	426	
483	537	481	427	
484	538	482	428	
485	539	483	429	
486	540	484	430	
487	541	485	431	
488	542	486	432	
489	543	487	433	
490	544	488	434	
491	545	489	435	
492	546	490	436	
493	547	491	437	
494	548	492	438	
-1	549	493	439	
496	550	-1	440	
497	551	495	441	
498	552	496	442	
499	553	497	443	
500	554	498	444	
501	555	499	445	
502	556	500	446	
503	557	501	447	
504	558	502	448	
505	559	503	449	
506	560	504	450	
507	561	505	451	
508	562	506	452	
509	563	507	453	
510	564	508	454	
511	565	509	455	
512	566	510	456	
513	567	511	457	
514	568	512	458	
515	569	513	459	
516	570	514	460	
517	571	515	461	
518	572	516	462	
519	573	517	463	
520	574	518	464	
521	575	519	465	
522	576	520	466	
523	577	521	467	
524	578	522	468	
525	579	523	469	
526	580	524	470	
527	581	525	471	
528	582	526	472	
529	583	527	473	
530	584	528	474	
531	585	529	475	
532	586	530	476	
533	587	531	477	
534	588	532	478	
535	589	533	479	
536	590	534	480	
537	591	535	481	
538	592	536	482	
539	593	537	483	
540	594	538	484	
541	595	539	485	
542	596	540	486	
543	597	541	487	
544	598	542	488	
545	599	543	489	
546	600	544	490	
547	601	545	491	
548	602	546	492	
549	603	547	493	
-1	604	548	494	
551	605	-1	495	
552	606	550	496	
553	607	551	497	
554	608	552	498	
555	609	553	499	
556	610	554	500	
557	611	555	501	
558	612	556	502	
559	613	557	503	
560	614	558	504	
561	615	559	505	
562	616	560	506	
563	617	561	507	
564	618	562	508	
565	619	563	509	
566	620	564	510	
567	621	565	511	
568	622	566	512	
569	623	567	513	
570	624	568	514	
571	625	569	515	
572	626	570	516	
573	627	571	517	
574	628	572	518	
575	629	573	519	
576	630	574	520	
577	631	575	521	
578	632	576	522	
579	633	577	523	
580	634	578	524	
581	635	579	525	
582	636	580	526	
583	637	581	527	
584	638	582	528	
585	639	583	529	
586	640	584	530	
587	641	585	531	
588	642	586	532	
589	643	587	533	
590	644	588	534	
591	645	589	535	
592	646	590	536	
593	647	591	537	
594	648	592	538	
595	649	593	539	
596	650	594	540	
597	651	595	541	
598	652	596	542	
599	653	597	543	
600	654	598	544	
601	655	599	545	
602	656	600	546	
603	657	601	547	
604	658	602	548	
-1	659	603	549	
606	660	-1	550	
607	661	605	551	
608	662	606	552	
609	663	607	553	
610	664	608	554	
611	665	609	555	
612	666	610	556	
613	667	611	557	
614	668	612	558	
615	669	613	559	
616	670	614	560	
617	671	615	561	
618	672	616	562	
619	673	617	563	
620	674	618	564	
621	675	619	565	
622	676	620	566	
623	677	621	567	
624	678	622	568	
625	679	623	569	
626	680	624	570	
627	681	625	571	
628	682	626	572	
629	683	627	573	
630	684	628	574	
631	685	629	575	
632	686	630	576	
633	687	631	577	
634	688	632	578	
635	689	633	579	
636	690	634	580	
637	691	635	581	
638	692	636	582	
639	693	637	583	
640	694	638	584	
641	695	639	585	
642	696	640	586	
643	697	641	587	
644	698	642	588	
645	699	643	589	
646	700	644	590	
647	701	645	591	
648	702	646	592	
649	703	647	593	
650	704	648	594	
651	705	649	595	
652	706	650	596	
653	707	651	597	
654	708	652	598	
655	709	653	599	
656	710	654	600	
657	711	655	601	
658	712	656	602	
659	713	657	603	
-1	714	658	604	
661	715	-1	605	
662	716	660	606	
663	717	661	607	
664	718	662	608	
665	719	663	609	
666	720	664	610	
667	721	665	611	
668	722	666	612	
669	723	667	613	
670	724	668	614	
671	725	669	615	
672	726	670	616	
673	727	671	617	
674	728	672	618	
675	729	673	619	
676	730	674	620	
677	731	675	621	
678	732	676	622	
679	733	677	623	
680	734	678	624	
681	735	679	625	
682	736	680	626	
683	737	681	627	
684	738	682	628	
685	739	683	629	
686	740	684	630	
687	741	685	631	
688	742	686	632	
689	743	687	633	
690	744	688	634	
691	745	689	635	
692	746	690	636	
693	747	691	637	
694	748	692	638	
695	749	693	639	
696	750	694	640	
697	751	695	641	
698	752	696	642	
699	753	697	643	
700	754	698	644	
701	755	699	645	
702	756	700	646	
703	757	701	647	
704	758	702	648	
705	759	703	649	
706	760	704	650	
707	761	705	651	
708	762	706	652	
709	763	707	653	
710	764	708	654	
711	765	709	655	
712	766	710	656	
713	767	711	657	
714	768	712	658	
-1	769	713	659	
716	770	-1	660	
717	771	715	661	
718	772	716	662	
719	773	717	663	
720	774	718	664	
721	775	719	665	
722	776	720	666	
723	777	721	667	
724	778	722	668	
725	779	723	669	
726	780	724	670	
727	781	725	671	
728	782	726	672	
729	783	727	673	
730	784	728	674	
731	785	729	675	
732	786	730	676	
733	787	731	677	
734	788	732	678	
735	789	733	679	
736	790	734	680	
737	791	735	681	
738	792	736	682	
739	793	737	683	
740	794	738	684	
741	795	739	685	
742	796	740	686	
743	797	741	687	
744	798	742	688	
745	799	743	689	
746	800	744	690	
747	801	745	691	
748	802	746	692	
749	803	747	693	
750	804	748	694	
751	805	749	695	
752	806	750	696	
753	807	751	697	
754	808	752	698	
755	809	753	699	
756	810	754	700	
757	811	755	701	
758	812	756	702	
759	813	757	703	
760	814	758	704	
761	815	759	705	
762	816	760	706	
763	817	761	707	
764	818	762	708	
765	819	763	709	
766	820	764	710	
767	821	765	711	
768	822	766	712	
769	823	767	713	
-1	824	768	714	
771	825	-1	715	
772	826	770	716	
773	827	771	717	
774	828	772	718	
775	829	773	719	
776	830	774	720	
777	831	775	721	
778	832	776	722	
779	833	777	723	
780	834	778	724	
781	835	779	725	
782	836	780	726	
783	837	781	727	
784	838	782	728	
785	839	783	729	
786	840	784	730	
787	841	785	731	
788	842	786	732	
789	843	787	733	
790	844	788	734	
791	845	789	735	
792	846	790	736	
793	847	791	737	
794	848	792	738	
795	849	793	739	
796	850	794	740	
797	851	795	741	
798	852	796	742	
799	853	797	743	
800	854	798	744	
801	855	799	745	
802	856	800	746	
803	857	801	747	
804	858	802	748	
805	859	803	749	
806	860	804	750	
807	861	805	751	
808	862	806	752	
809	863	807	753	
810	864	808	754	
811	865	809	755	
812	866	810	756	
813	867	811	757	
814	868	812	758	
815	869	813	759	
816	870	814	760	
817	871	815	761	
818	872	816	762	
819	873	817	763	
820	874	818	764	
821	875	819	765	
822	876	820	766	
823	877	821	767	
824	878	822	768	
-1	879	823	769	
826	880	-1	770	
827	881	825	771	
828	882	826	772	
829	883	827	773	
830	884	828	774	
831	885	829	775	
832	886	830	776	
833	887	831	777	
834	888	832	778	
835	889	833	779	
836	890	834	780	
837	891	835	781	
838	892	836	782	
839	893	837	783	
840	894	838	784	
841	895	839	785	
842	896	840	786	
843	897	841	787	
844	898	842	788	
845	899	843	789	
846	900	844	790	
847	901	845	791	
848	902	846	792	
849	903	847	793	
850	904	848	794	
851	905	849	795	
852	906	850	796	
853	907	851	797	
854	908	852	798	
855	909	853	799	
856	910	854	800	
857	911	855	801	
858	912	856	802	
859	913	857	803	
860	914	858	804	
861	915	859	805	
862	916	860	806	
863	917	861	807	
864	918	862	808	
865	919	863	809	
866	920	864	810	
867	921	865	811	
868	922	866	812	
869	923	867	813	
870	924	868	814	
871	925	869	815	
872	926	870	816	
873	927	871	817	
874	928	872	818	
875	929	873	819	
876	930	874	820	
877	931	875	821	
878	932	876	822	
879	933	877	823	
-1	934	878	824	
881	935	-1	825	
882	936	880	826	
883	937	881	827	
884	938	882	828	
885	939	883	829	
886	940	884	830	
887	941	885	831	
888	942	886	832	
889	943	887	833	
890	944	888	834	
891	945	889	835	
892	946	890	836	
893	947	891	837	
894	948	892	838	
895	949	893	839	
896	950	894	840	
897	951	895	841	
898	952	896	842	
899	953	897	843	
900	954	898	844	
901	955	899	845	
902	956	900	846	
903	957	901	847	
904	958	902	848	
905	959	903	849	
906	960	904	850	
907	961	905	851	
908	962	906	852	
909	963	907	853	
910	964	908	854	
911	965	909	855	
912	966	910	856	
913	967	911	857	
914	968	912	858	
915	969	913	859	
916	970	914	860	
917	971	915	861	
918	972	916	862	
919	973	917	863	
920	974	918	864	
921	975	919	865	
922	976	920	866	
923	977	921	867	
924	978	922	868	
925	979	923	869	
926	980	924	870	
927	981	925	871	
928	982	926	872	
929	983	927	873	
930	984	928	874	
931	985	929	875	
932	986	930	876	
933	987	931	877	
934	988	932	878	
-1	989	933	879	
936	990	-1	880	
937	991	935	881	
938	992	936	882	
939	993	937	883	
940	994	938	884	
941	995	939	885	
942	996	940	886	
943	997	941	887	
944	998	942	888	
945	999	943	889	
946	1000	944	890	
947	1001	945	891	
948	1002	946	892	
949	1003	947	893	
950	1004	948	894	
951	1005	949	895	
952	1006	950	896	
953	1007	951	897	
954	1008	952	898	
955	1009	953	899	
956	1010	954	900	
957	1011	955	901	
958	1012	956	902	
959	1013	957	903	
960	1014	958	904	
961	1015	959	905	
962	1016	960	906	
963	1017	961	907	
964	1018	962	908	
965	1019	963	909	
966	1020	964	910	
967	1021	965	911	
968	1022	966	912	
969	1023	967	913	
970	1024	968	914	
971	1025	969	915	
972	1026	970	916	
973	1027	971	917	
974	1028	972	918	
975	1029	973	919	
976	1030	974	920	
977	1031	975	921	
978	1032	976	922	
979	1033	977	923	
980	1034	978	924	
981	1035	979	925	
982	1036	980	926	
983	1037	981	927	
984	1038	982	928	
985	1039	983	929	
986	1040	984	930	
987	1041	985	931	
988	1042	986	932	
989	1043	987	933	
-1	1044	988	934	
991	1045	-1	935	
992	1046	990	936	
993	1047	991	937	
994	1048	992	938	
995	1049	993	939	
996	1050	994	940	
997	1051	995	941	
998	1052	996	942	
999	1053	997	943	
1000	1054	998	944	
1001	1055	999	945	
1002	1056	1000	946	
1003	1057	1001	947	
1004	1058	1002	948	
1005	1059	1003	949	
1006	1060	1004	950	
1007	1061	1005	951	
1008	1062	1006	952	
1009	1063	1007	953	
1010	1064	1008	954	
1011	1065	1009	955	
1012	1066	1010	956	
1013	1067	1011	957	
1014	1068	1012	958	
1015	1069	1013	959	
1016	1070	1014	960	
1017	1071	1015	961	
1018	1072	1016	962	
1019	1073	1017	963	
1020	1074	1018	964	
1021	1075	1019	965	
1022	1076	1020	966	
1023	1077	1021	967	
1024	1078	1022	968	
1025	1079	1023	969	
1026	1080	1024	970	
1027	1081	1025	971	
1028	1082	1026	972	
1029	1083	1027	973	
1030	1084	1028	974	
1031	1085	1029	975	
1032	1086	1030	976	
1033	1087	1031	977	
1034	1088	1032	978	
1035	1089	1033	979	
1036	1090	1034	980	
1037	1091	1035	981	
1038	1092	1036	982	
1039	1093	1037	983	
1040	1094	1038	984	
1041	1095	1039	985	
1042	1096	1040	986	
1043	1097	1041	987	
1044	1098	1042	988	
-1	1099	1043	989	
1046	1100	-1	990	
1047	1101	1045	991	
1048	1102	1046	992	
1049	1103	1047	993	
1050	1104	1048	994	
1051	1105	1049	995	
1052	1106	1050	996	
1053	1107	1051	997	
1054	1108	1052	998	
1055	1109	1053	999	
1056	1110	1054	1000	
1057	1111	1055	1001	
1058	1112	1056	1002	
1059	1113	1057	1003	
1060	1114	1058	1004	
1061	1115	1059	1005	
1062	1116	1060	1006	
1063	1117	1061	1007	
1064	1118	1062	1008	
1065	1119	1063	1009	
1066	1120	1064	1010	
1067	1121	1065	1011	
1068	1122	1066	1012	
1069	1123	1067	1013	
1070	1124	1068	1014	
1071	1125	1069	1015	
1072	1126	1070	1016	
1073	1127	1071	1017	
1074	1128	1072	1018	
1075	1129	1073	1019	
1076	1130	1074	1020	
1077	1131	1075	1021	
1078	1132	1076	1022	
1079	1133	1077	1023	
1080	1134	1078	1024	
1081	1135	1079	1025	
1082	1136	1080	1026	
1083	1137	1081	1027	
1084	1138	1082	1028	
1085	1139	1083	1029	
1086	1140	1084	1030	
1087	1141	1085	1031	
1088	1142	1086	1032	
1089	1143	1087	1033	
1090	1144	1088	1034	
1091	1145	1089	1035	
1092	1146	1090	1036	
1093	1147	1091	1037	
1094	1148	1092	1038	
1095	1149	1093	1039	
1096	1150	1094	1040	
1097	1151	1095	1041	
1098	1152	1096	1042	
1099	1153	1097	1043	
-1	1154	1098	1044	
1101	1155	-1	1045	
1102	1156	1100	1046	
1103	1157	1101	1047	
1104	1158	1102	1048	
1105	1159	1103	1049	
1106	1160	1104	1050	
1107	1161	1105	1051	
1108	1162	1106	1052	
1109	1163	1107	1053	
1110	1164	1108	1054	
1111	1165	1109	1055	
1112	1166	1110	1056	
1113	1167	1111	1057	
1114	1168	1112	1058	
1115	1169	1113	1059	
1116	1170	1114	1060	
1117	1171	1115	1061	
1118	1172	1116	1062	
1119	1173	1117	1063	
1120	1174	1118	1064	
1121	1175	1119	1065	
1122	1176	1120	1066	
1123	1177	1121	1067	
1124	1178	1122	1068	
1125	1179	1123	1069	
1126	1180	1124	1070	
1127	1181	1125	1071	
1128	1182	1126	1072	
1129	1183	1127	1073	
1130	1184	1128	1074	
1131	1185	1129	1075	
1132	1186	1130	1076	
1133	1187	1131	1077	
1134	1188	1132	1078	
1135	1189	1133	1079	
1136	1190	1134	1080	
1137	1191	1135	1081	
1138	1192	1136	1082	
1139	1193	1137	1083	
1140	1194	1138	1084	
1141	1195	1139	1085	
1142	1196	1140	1086	
1143	1197	1141	1087	
1144	1198	1142	1088	
1145	1199	1143	1089	
1146	1200	1144	1090	
1147	1201	1145	1091	
1148	1202	1146	1092	
1149	1203	1147	1093	
1150	1204	1148	1094	
1151	1205	1149	1095	
1152	1206	1150	1096	
1153	1207	1151	1097	
1154	1208	1152	1098	
-1	1209	1153	1099	
1156	1210	-1	1100	
1157	1211	1155	1101	
1158	1212	1156	1102	
1159	1213	1157	1103	
1160	1214	1158	1104	
1161	1215	1159	1105	
1162	1216	1160	1106	
1163	1217	1161	1107	
1164	1218	1162	1108	
1165	1219	1163	1109	
1166	1220	1164	1110	
1167	1221	1165	1111	
1168	1222	1166	1112	
1169	1223	1167	1113	
1170	1224	1168	1114	
1171	1225	1169	1115	
1172	1226	1170	1116	
1173	1227	1171	1117	
1174	1228	1172	1118	
1175	1229	1173	1119	
1176	1230	1174	1120	
1177	1231	1175	1121	
1178	1232	1176	1122	
1179	1233	1177	1123	
1180	1234	1178	1124	
1181	1235	1179	1125	
1182	1236	1180	1126	
1183	1237	1181	1127	
1184	1238	1182	1128	
1185	1239	1183	1129	
1186	1240	1184	1130	
1187	1241	1185	1131	
1188	1242	1186	1132	
1189	1243	1187	1133	
1190	1244	1188	1134	
1191	1245	1189	1135	
1192	1246	1190	1136	
1193	1247	1191	1137	
1194	1248	1192	1138	
1195	1249	1193	1139	
1196	1250	1194	1140	
1197	1251	1195	1141	
1198	1252	1196	1142	
1199	1253	1197	1143	
1200	1254	1198	1144	
1201	1255	1199	1145	
1202	1256	1200	1146	
1203	1257	1201	1147	
1204	1258	1202	1148	
1205	1259	1203	1149	
1206	1260	1204	1150	
1207	1261	1205	1151	
1208	1262	1206	1152	
1209	1263	1207	1153	
-1	1264	1208	1154	
1211	1265	-1	1155	
1212	1266	1210	1156	
1213	1267	1211	1157	
1214	1268	1212	1158	
1215	1269	1213	1159	
1216	1270	1214	1160	
1217	1271	1215	1161	
1218	1272	1216	1162	
1219	1273	1217	1163	
1220	1274	1218	1164	
1221	1275	1219	1165	
1222	1276	1220	1166	
1223	1277	1221	1167	
1224	1278	1222	1168	
1225	1279	1223	1169	
1226	1280	1224	1170	
1227	1281	1225	1171	
1228	1282	1226	1172	
1229	1283	1227	1173	
1230	1284	1228	1174	
1231	1285	1229	1175	
1232	1286	1230	1176	
1233	1287	1231	1177	
1234	1288	1232	1178	
1235	1289	1233	1179	
1236	1290	1234	1180	
1237	1291	1235	1181	
1238	1292	1236	1182	
1239	1293	1237	1183	
1240	1294	1238	1184	
1241	1295	1239	1185	
1242	1296	1240	1186	
1243	1297	1241	1187	
1244	1298	1242	1188	
1245	1299	1243	1189	
1246	1300	1244	1190	
1247	1301	1245	1191	
1248	1302	1246	1192	
1249	1303	1247	1193	
1250	1304	1248	1194	
1251	1305	1249	1195	
1252	1306	1250	1196	
1253	1307	1251	1197	
1254	1308	1252	1198	
1255	1309	1253	1199	
1256	1310	1254	1200	
1257	1311	1255	1201	
1258	1312	1256	1202	
1259	1313	1257	1203	
1260	1314	1258	1204	
1261	1315	1259	1205	
1262	1316	1260	1206	
1263	1317	1261	1207	
1264	1318	1262	1208	
-1	1319	1263	1209	
1266	1320	-1	1210	
1267	1321	1265	1211	
1268	1322	1266	1212	
1269	1323	1267	1213	
1270	1324	1268	1214	
1271	1325	1269	1215	
1272	1326	1270	1216	
1273	1327	1271	1217	
1274	1328	1272	1218	
1275	1329	1273	1219	
1276	1330	1274	1220	
1277	1331	1275	1221	
1278	1332	1276	1222	
1279	1333	1277	1223	
1280	1334	1278	1224	
1281	1335	1279	1225	
1282	1336	1280	1226	
1283	1337	1281	1227	
1284	1338	1282	1228	
1285	1339	1283	1229	
1286	1340	1284	1230	
1287	1341	1285	1231	
1288	1342	1286	1232	
1289	1343	1287	1233	
1290	1344	1288	1234	
1291	1345	1289	1235	
1292	1346	1290	1236	
1293	1347	1291	1237	
1294	1348	1292	1238	
1295	1349	1293	1239	
1296	1350	1294	1240	
1297	1351	1295	1241	
1298	1352	1296	1242	
1299	1353	1297	1243	
1300	1354	1298	1244	
1301	1355	1299	1245	
1302	1356	1300	1246	
1303	1357	1301	1247	
1304	1358	1302	1248	
1305	1359	1303	1249	
1306	1360	1304	1250	
1307	1361	1305	1251	
1308	1362	1306	1252	
1309	1363	1307	1253	
1310	1364	1308	1254	
1311	1365	1309	1255	
1312	1366	1310	1256	
1313	1367	1311	1257	
1314	1368	1312	1258	
1315	1369	1313	1259	
1316	1370	1314	1260	
1317	1371	1315	1261	
1318	1372	1316	1262	
1319	1373	1317	1263	
-1	1374	1318	1264	
1321	1375	-1	1265	
1322	1376	1320	1266	
1323	1377	1321	1267	
1324	1378	1322	1268	
1325	1379	1323	1269	
1326	1380	1324	1270	
1327	1381	1325	1271	
1328	1382	1326	1272	
1329	1383	1327	1273	
1330	1384	1328	1274	
1331	1385	1329	1275	
1332	1386	1330	1276	
1333	1387	1331	1277	
1334	1388	1332	1278	
1335	1389	1333	1279	
1336	1390	1334	1280	
1337	1391	1335	1281	
1338	1392	1336	1282	
1339	1393	1337	1283	
1340	1394	1338	1284	
1341	1395	1339	1285	
1342	1396	1340	1286	
1343	1397	1341	1287	
1344	1398	1342	1288	
1345	1399	1343	1289	
1346	1400	1344	1290	
1347	1401	1345	1291	
1348	1402	1346	1292	
1349	1403	1347	1293	
1350	1404	1348	1294	
1351	1405	1349	1295	
1352	1406	1350	1296	
1353	1407	1351	1297	
1354	1408	1352	1298	
1355	1409	1353	1299	
1356	1410	1354	1300	
1357	1411	1355	1301	
1358	1412	1356	1302	
1359	1413	1357	1303	
1360	1414	1358	1304	
1361	1415	1359	1305	
1362	1416	1360	1306	
1363	1417	1361	1307	
1364	1418	1362	1308	
1365	1419	1363	1309	
1366	1420	1364	1310	
1367	1421	1365	1311	
1368	1422	1366	1312	
1369	1423	1367	1313	
1370	1424	1368	1314	
1371	1425	1369	1315	
1372	1426	1370	1316	
1373	1427	1371	1317	
1374	1428	1372	1318	
-1	1429	1373	1319	
1376	1430	-1	1320	
1377	1431	1375	1321	
1378	1432	1376	1322	
1379	1433	1377	1323	
1380	1434	1378	1324	
1381	1435	1379	1325	
1382	1436	1380	1326	
1383	1437	1381	1327	
1384	1438	1382	1328	
1385	1439	1383	1329	
1386	1440	1384	1330	
1387	1441	1385	1331	
1388	1442	1386	1332	
1389	1443	1387	1333	
1390	1444	1388	1334	
1391	1445	1389	1335	
1392	1446	1390	1336	
1393	1447	1391	1337	
1394	1448	1392	1338	
1395	1449	1393	1339	
1396	1450	1394	1340	
1397	1451	1395	1341	
1398	1452	1396	1342	
1399	1453	1397	1343	
1400	1454	1398	1344	
1401	1455	1399	1345	
1402	1456	1400	1346	
1403	1457	1401	1347	
1404	1458	1402	1348	
1405	1459	1403	1349	
1406	1460	1404	1350	
1407	1461	1405	1351	
1408	1462	1406	1352	
1409	1463	1407	1353	
1410	1464	1408	1354	
1411	1465	1409	1355	
1412	1466	1410	1356	
1413	1467	1411	1357	
1414	1468	1412	1358	
1415	1469	1413	1359	
1416	1470	1414	1360	
1417	1471	1415	1361	
1418	1472	1416	1362	
1419	1473	1417	1363	
1420	1474	1418	1364	
1421	1475	1419	1365	
1422	1476	1420	1366	
1423	1477	1421	1367	
1424	1478	1422	1368	
1425	1479	1423	1369	
1426	1480	1424	1370	
1427	1481	1425	1371	
1428	1482	1426	1372	
1429	1483	1427	1373	
-1	1484	1428	1374	
1431	1485	-1	1375	
1432	1486	1430	1376	
1433	1487	1431	1377	
1434	1488	1432	1378	
1435	1489	1433	1379	
1436	1490	1434	1380	
1437	1491	1435	1381	
1438	1492	1436	1382	
1439	1493	1437	1383	
1440	1494	1438	1384	
1441	1495	1439	1385	
1442	1496	1440	1386	
1443	1497	1441	1387	
1444	1498	1442	1388	
1445	1499	1443	1389	
1446	1500	1444	1390	
1447	1501	1445	1391	
1448	1502	1446	1392	
1449	1503	1447	1393	
1450	1504	1448	1394	
1451	1505	1449	1395	
1452	1506	1450	1396	
1453	1507	1451	1397	
1454	1508	1452	1398	
1455	1509	1453	1399	
1456	1510	1454	1400	
1457	1511	1455	1401	
1458	1512	1456	1402	
1459	1513	1457	1403	
1460	1514	1458	1404	
1461	1515	1459	1405	
1462	1516	1460	1406	
1463	1517	1461	1407	
1464	1518	1462	1408	
1465	1519	1463	1409	
1466	1520	1464	1410	
1467	1521	1465	1411	
1468	1522	1466	1412	
1469	1523	1467	1413	
1470	1524	1468	1414	
1471	1525	1469	1415	
1472	1526	1470	1416	
1473	1527	1471	1417	
1474	1528	1472	1418	
1475	1529	1473	1419	
1476	1530	1474	1420	
1477	1531	1475	1421	
1478	1532	1476	1422	
1479	1533	1477	1423	
1480	1534	1478	1424	
1481	1535	1479	1425	
1482	1536	1480	1426	
1483	1537	1481	1427	
1484	1538	1482	1428	
-1	1539	1483	1429	
1486	1540	-1	1430	
1487	1541	1485	1431	
1488	1542	1486	1432	
1489	1543	1487	1433	
1490	1544	1488	1434	
1491	1545	1489	1435	
1492	1546	1490	1436	
1493	1547	1491	1437	
1494	1548	1492	1438	
1495	1549	1493	1439	
1496	1550	1494	1440	
1497	1551	1495	1441	
1498	1552	1496	1442	
1499	1553	1497	1443	
1500	1554	1498	1444	
1501	1555	1499	1445	
1502	1556	1500	1446	
1503	1557	1501	1447	
1504	1558	1502	1448	
1505	1559	1503	1449	
1506	1560	1504	1450	
1507	1561	1505	1451	
1508	1562	1506	1452	
1509	1563	1507	1453	
1510	1564	1508	1454	
1511	1565	1509	1455	
1512	1566	1510	1456	
1513	1567	1511	1457	
1514	1568	1512	1458	
1515	1569	1513	1459	
1516	1570	1514	1460	
1517	1571	1515	1461	
1518	1572	1516	1462	
1519	1573	1517	1463	
1520	1574	1518	1464	
1521	1575	1519	1465	
1522	1576	1520	1466	
1523	1577	1521	1467	
1524	1578	1522	1468	
1525	1579	1523	1469	
1526	1580	1524	1470	
1527	1581	1525	1471	
1528	1582	1526	1472	
1529	1583	1527	1473	
1530	1584	1528	1474	
1531	1585	1529	1475	
1532	1586	1530	1476	
1533	1587	1531	1477	
1534	1588	1532	1478	
1535	1589	1533	1479	
1536	1590	1534	1480	
1537	1591	1535	1481	
1538	1592	1536	1482	
1539	1593	1537	1483	
-1	1594	1538	1484	
1541	1595	-1	1485	
1542	1596	1540	1486	
1543	1597	1541	1487	
1544	1598	1542	1488	
1545	1599	1543	1489	
1546	1600	1544	1490	
1547	1601	1545	1491	
1548	1602	1546	1492	
1549	1603	1547	1493	
1550	1604	1548	1494	
1551	1605	1549	1495	
1552	1606	1550	1496	
1553	1607	1551	1497	
1554	1608	1552	1498	
1555	1609	1553	1499	
1556	1610	1554	1500	
1557	1611	1555	1501	
1558	1612	1556	1502	
1559	1613	1557	1503	
1560	1614	1558	1504	
1561	1615	1559	1505	
1562	1616	1560	1506	
1563	1617	1561	1507	
1564	1618	1562	1508	
1565	1619	1563	1509	
1566	1620	1564	1510	
1567	1621	1565	1511	
1568	1622	1566	1512	
1569	1623	1567	1513	
1570	1624	1568	1514	
1571	1625	1569	1515	
1572	1626	1570	1516	
1573	1627	1571	1517	
1574	1628	1572	1518	
1575	1629	1573	1519	
1576	1630	1574	1520	
1577	1631	1575	1521	
1578	1632	1576	1522	
1579	1633	1577	1523	
1580	1634	1578	1524	
1581	1635	1579	1525	
1582	1636	1580	1526	
1583	1637	1581	1527	
1584	1638	1582	1528	
1585	1639	1583	1529	
1586	1640	1584	1530	
1587	1641	1585	1531	
1588	1642	1586	1532	
1589	1643	1587	1533	
1590	1644	1588	1534	
1591	1645	1589	1535	
1592	1646	1590	1536	
1593	1647	1591	1537	
1594	1648	1592	1538	
-1	1649	1593	1539	
1596	1650	-1	1540	
1597	1651	1595	1541	
1598	1652	1596	1542	
1599	1653	1597	1543	
1600	1654	1598	1544	
1601	1655	1599	1545	
1602	1656	1600	1546	
1603	1657	1601	1547	
1604	1658	1602	1548	
1605	1659	1603	1549	
1606	1660	1604	1550	
1607	1661	1605	1551	
1608	1662	1606	1552	
1609	1663	1607	1553	
1610	1664	1608	1554	
1611	1665	1609	1555	
1612	1666	1610	1556	
1613	1667	1611	1557	
1614	1668	1612	1558	
1615	1669	1613	1559	
1616	1670	1614	1560	
1617	1671	1615	1561	
1618	1672	1616	1562	
1619	1673	1617	1563	
1620	1674	1618	1564	
1621	1675	1619	1565	
1622	1676	1620	1566	
1623	1677	1621	1567	
1624	1678	1622	1568	
1625	1679	1623	1569	
1626	1680	1624	1570	
1627	1681	1625	1571	
1628	1682	1626	1572	
1629	1683	1627	1573	
1630	1684	1628	1574	
1631	1685	1629	1575	
1632	1686	1630	1576	
1633	1687	1631	1577	
1634	1688	1632	1578	
1635	1689	1633	1579	
1636	1690	1634	1580	
1637	1691	1635	1581	
1638	1692	1636	1582	
1639	1693	1637	1583	
1640	1694	1638	1584	
1641	1695	1639	1585	
1642	1696	1640	1586	
1643	1697	1641	1587	
1644	1698	1642	1588	
1645	1699	1643	1589	
1646	1700	1644	1590	
1647	1701	1645	1591	
1648	1702	1646	1592	
1649	1703	1647	1593	
-1	1704	1648	1594	
1651	1705	-1	1595	
1652	1706	1650	1596	
1653	1707	1651	1597	
1654	1708	1652	1598	
1655	1709	1653	1599	
1656	1710	1654	1600	
1657	1711	1655	1601	
1658	1712	1656	1602	
1659	1713	1657	1603	
1660	1714	1658	1604	
1661	1715	1659	1605	
1662	1716	1660	1606	
1663	1717	1661	1607	
1664	1718	1662	1608	
1665	1719	1663	1609	
1666	1720	1664	1610	
1667	1721	1665	1611	
1668	1722	1666	1612	
1669	1723	1667	1613	
1670	1724	1668	1614	
1671	1725	1669	1615	
1672	1726	1670	1616	
1673	1727	1671	1617	
1674	1728	1672	1618	
1675	1729	1673	1619	
1676	1730	1674	1620	
1677	1731	1675	1621	
1678	1732	1676	1622	
1679	1733	1677	1623	
1680	1734	1678	1624	
1681	1735	1679	1625	
1682	1736	1680	1626	
1683	1737	1681	1627	
1684	1738	1682	1628	
1685	1739	1683	1629	
1686	1740	1684	1630	
1687	1741	1685	1631	
1688	1742	1686	1632	
1689	1743	1687	1633	
1690	1744	1688	1634	
1691	1745	1689	1635	
1692	1746	1690	1636	
1693	1747	1691	1637	
1694	1748	1692	1638	
1695	1749	1693	1639	
1696	1750	1694	1640	
1697	1751	1695	1641	
1698	1752	1696	1642	
1699	1753	1697	1643	
1700	1754	1698	1644	
1701	1755	1699	1645	
1702	1756	1700	1646	
1703	1757	1701	1647	
1704	1758	1702	1648	
-1	1759	1703	1649	
1706	1760	-1	1650	
1707	1761	1705	1651	
1708	1762	1706	1652	
1709	1763	1707	1653	
1710	1764	1708	1654	
1711	1765	1709	1655	
1712	1766	1710	1656	
1713	1767	1711	1657	
1714	1768	1712	1658	
1715	1769	1713	1659	
1716	1770	1714	1660	
1717	1771	1715	1661	
1718	1772	1716	1662	
1719	1773	1717	1663	
1720	1774	1718	1664	
1721	1775	1719	1665	
1722	1776	1720	1666	
1723	1777	1721	1667	
1724	1778	1722	1668	
1725	1779	1723	1669	
1726	1780	1724	1670	
1727	1781	1725	1671	
1728	1782	1726	1672	
1729	1783	1727	1673	
1730	1784	1728	1674	
1731	1785	1729	1675	
1732	1786	1730	1676	
1733	1787	1731	1677	
1734	1788	1732	1678	
1735	1789	1733	1679	
1736	1790	1734	1680	
1737	1791	1735	1681	
1738	1792	1736	1682	
1739	1793	1737	1683	
1740	1794	1738	1684	
1741	1795	1739	1685	
1742	1796	1740	1686	
1743	1797	1741	1687	
1744	1798	1742	1688	
1745	1799	1743	1689	
1746	1800	1744	1690	
1747	1801	1745	1691	
1748	1802	1746	1692	
1749	1803	1747	1693	
1750	1804	1748	1694	
1751	1805	1749	1695	
1752	1806	1750	1696	
1753	1807	1751	1697	
1754	1808	1752	1698	
1755	1809	1753	1699	
1756	1810	1754	1700	
1757	1811	1755	1701	
1758	1812	1756	1702	
1759	1813	1757	1703	
-1	1814	1758	1704	
1761	1815	-1	1705	
1762	1816	1760	1706	
1763	1817	1761	1707	
1764	1818	1762	1708	
1765	1819	1763	1709	
1766	1820	1764	1710	
1767	1821	1765	1711	
1768	1822	1766	1712	
1769	1823	1767	1713	
1770	1824	1768	1714	
1771	1825	1769	1715	
1772	1826	1770	1716	
1773	1827	1771	1717	
1774	1828	1772	1718	
1775	1829	1773	1719	
1776	1830	1774	1720	
1777	1831	1775	1721	
1778	1832	1776	1722	
1779	1833	1777	1723	
1780	1834	1778	1724	
1781	1835	1779	1725	
1782	1836	1780	1726	
1783	1837	1781	1727	
1784	1838	1782	1728	
1785	1839	1783	1729	
1786	1840	1784	1730	
1787	1841	1785	1731	
1788	1842	1786	1732	
1789	1843	1787	1733	
1790	1844	1788	1734	
1791	1845	1789	1735	
1792	1846	1790	1736	
1793	1847	1791	1737	
1794	1848	1792	1738	
1795	1849	1793	1739	
1796	1850	1794	1740	
1797	1851	1795	1741	
1798	1852	1796	1742	
1799	1853	1797	1743	
1800	1854	1798	1744	
1801	1855	1799	1745	
1802	1856	1800	1746	
1803	1857	1801	1747	
1804	1858	1802	1748	
1805	1859	1803	1749	
1806	1860	1804	1750	
1807	1861	1805	1751	
1808	1862	1806	1752	
1809	1863	1807	1753	
1810	1864	1808	1754	
1811	1865	1809	1755	
1812	1866	1810	1756	
1813	1867	1811	1757	
1814	1868	1812	1758	
-1	1869	1813	1759	
1816	1870	-1	1760	
1817	1871	1815	1761	
1818	1872	1816	1762	
1819	1873	1817	1763	
1820	1874	1818	1764	
1821	1875	1819	1765	
1822	1876	1820	1766	
1823	1877	1821	1767	
1824	1878	1822	1768	
1825	1879	1823	1769	
1826	1880	1824	1770	
1827	1881	1825	1771	
1828	1882	1826	1772	
1829	1883	1827	1773	
1830	1884	1828	1774	
1831	1885	1829	1775	
1832	1886	1830	1776	
1833	1887	1831	1777	
1834	1888	1832	1778	
1835	1889	1833	1779	
1836	1890	1834	1780	
1837	1891	1835	1781	
1838	1892	1836	1782	
1839	1893	1837	1783	
1840	1894	1838	1784	
1841	1895	1839	1785	
1842	1896	1840	1786	
1843	1897	1841	1787	
1844	1898	1842	1788	
1845	1899	1843	1789	
1846	1900	1844	1790	
1847	1901	1845	1791	
1848	1902	1846	1792	
1849	1903	1847	1793	
1850	1904	1848	1794	
1851	1905	1849	1795	
1852	1906	1850	1796	
1853	1907	1851	1797	
1854	1908	1852	1798	
1855	1909	1853	1799	
1856	1910	1854	1800	
1857	1911	1855	1801	
1858	1912	1856	1802	
1859	1913	1857	1803	
1860	1914	1858	1804	
1861	1915	1859	1805	
1862	1916	1860	1806	
1863	1917	1861	1807	
1864	1918	1862	1808	
1865	1919	1863	1809	
1866	1920	1864	1810	
1867	1921	1865	1811	
1868	1922	1866	1812	
1869	1923	1867	1813	
-1	1924	1868	1814	
1871	1925	-1	1815	
1872	1926	1870	1816	
1873	1927	1871	1817	
1874	1928	1872	1818	
1875	1929	1873	1819	
1876	1930	1874	1820	
1877	1931	1875	1821	
1878	1932	1876	1822	
1879	1933	1877	1823	
1880	1934	1878	1824	
1881	1935	1879	1825	
1882	1936	1880	1826	
1883	1937	1881	1827	
1884	1938	1882	1828	
1885	1939	1883	1829	
1886	1940	1884	1830	
1887	1941	1885	1831	
1888	1942	1886	1832	
1889	1943	1887	1833	
1890	1944	1888	1834	
1891	1945	1889	1835	
1892	1946	1890	1836	
1893	1947	1891	1837	
1894	1948	1892	1838	
1895	1949	1893	1839	
1896	1950	1894	1840	
1897	1951	1895	1841	
1898	1952	1896	1842	
1899	1953	1897	1843	
1900	1954	1898	1844	
1901	1955	1899	1845	
1902	1956	1900	1846	
1903	1957	1901	1847	
1904	1958	1902	1848	
1905	1959	1903	1849	
1906	1960	1904	1850	
1907	1961	1905	1851	
1908	1962	1906	1852	
1909	1963	1907	1853	
1910	1964	1908	1854	
1911	1965	1909	1855	
1912	1966	1910	1856	
1913	1967	1911	1857	
1914	1968	1912	1858	
1915	1969	1913	1859	
1916	1970	1914	1860	
1917	1971	1915	1861	
1918	1972	1916	1862	
1919	1973	1917	1863	
1920	1974	1918	1864	
1921	1975	1919	1865	
1922	1976	1920	1866	
1923	1977	1921	1867	
1924	1978	1922	1868	
-1	1979	1923	1869	
1926	1980	-1	1870	
1927	1981	1925	1871	
1928	1982	1926	1872	
1929	1983	1927	1873	
1930	1984	1928	1874	
1931	1985	1929	1875	
1932	1986	1930	1876	
1933	1987	1931	1877	
1934	1988	1932	1878	
1935	1989	1933	1879	
1936	1990	1934	1880	
1937	1991	1935	1881	
1938	1992	1936	1882	
1939	1993	1937	1883	
1940	1994	1938	1884	
1941	1995	1939	1885	
1942	1996	1940	1886	
1943	1997	1941	1887	
1944	1998	1942	1888	
1945	1999	1943	1889	
1946	2000	1944	1890	
1947	2001	1945	1891	
1948	2002	1946	1892	
1949	2003	1947	1893	
1950	2004	1948	1894	
1951	2005	1949	1895	
1952	2006	1950	1896	
1953	2007	1951	1897	
1954	2008	1952	1898	
1955	2009	1953	1899	
1956	2010	1954	1900	
1957	2011	1955	1901	
1958	2012	1956	1902	
1959	2013	1957	1903	
1960	2014	1958	1904	
1961	2015	1959	1905	
1962	2016	1960	1906	
1963	2017	1961	1907	
1964	2018	1962	1908	
1965	2019	1963	1909	
1966	2020	1964	1910	
1967	2021	1965	1911	
1968	2022	1966	1912	
1969	2023	1967	1913	
1970	2024	1968	1914	
1971	2025	1969	1915	
1972	2026	1970	1916	
1973	2027	1971	1917	
1974	2028	1972	1918	
1975	2029	1973	1919	
1976	2030	1974	1920	
1977	2031	1975	1921	
1978	2032	1976	1922	
1979	2033	1977	1923	
-1	2034	1978	1924	
1981	2035	-1	1925	
1982	2036	1980	1926	
1983	2037	1981	1927	
1984	2038	1982	1928	
1985	2039	1983	1929	
1986	2040	1984	1930	
1987	2041	1985	1931	
1988	2042	1986	1932	
1989	2043	1987	1933	
1990	2044	1988	1934	
1991	2045	1989	1935	
1992	2046	1990	1936	
1993	2047	1991	1937	
1994	2048	1992	1938	
1995	2049	1993	1939	
1996	2050	1994	1940	
1997	2051	1995	1941	
1998	2052	1996	1942	
1999	2053	1997	1943	
2000	2054	1998	1944	
2001	2055	1999	1945	
2002	2056	2000	1946	
2003	2057	2001	1947	
2004	2058	2002	1948	
2005	2059	2003	1949	
2006	2060	2004	1950	
2007	2061	2005	1951	
2008	2062	2006	1952	
2009	2063	2007	1953	
2010	2064	2008	1954	
2011	2065	2009	1955	
2012	2066	2010	1956	
2013	2067	2011	1957	
2014	2068	2012	1958	
2015	2069	2013	1959	
2016	2070	2014	1960	
2017	2071	2015	1961	
2018	2072	2016	1962	
2019	2073	2017	1963	
2020	2074	2018	1964	
2021	2075	2019	1965	
2022	2076	2020	1966	
2023	2077	2021	1967	
2024	2078	2022	1968	
2025	2079	2023	1969	
2026	2080	2024	1970	
2027	2081	2025	1971	
2028	2082	2026	1972	
2029	2083	2027	1973	
2030	2084	2028	1974	
2031	2085	2029	1975	
2032	2086	2030	1976	
2033	2087	2031	1977	
2034	2088	2032	1978	
-1	2089	2033	1979	
2036	2090	-1	1980	
2037	2091	2035	1981	
2038	2092	2036	1982	
2039	2093	2037	1983	
2040	2094	2038	1984	
2041	2095	2039	1985	
2042	2096	2040	1986	
2043	2097	2041	1987	
2044	2098	2042	1988	
2045	2099	2043	1989	
2046	2100	2044	1990	
2047	2101	2045	1991	
2048	2102	2046	1992	
2049	2103	2047	1993	
2050	2104	2048	1994	
2051	2105	2049	1995	
2052	2106	2050	1996	
2053	2107	2051	1997	
2054	2108	2052	1998	
2055	2109	2053	1999	
2056	2110	2054	2000	
2057	2111	2055	2001	
2058	2112	2056	2002	
2059	2113	2057	2003	
2060	2114	2058	2004	
2061	2115	2059	2005	
2062	2116	2060	2006	
2063	2117	2061	2007	
2064	2118	2062	2008	
2065	2119	2063	2009	
2066	2120	2064	2010	
2067	2121	2065	2011	
2068	2122	2066	2012	
2069	2123	2067	2013	
2070	2124	2068	2014	
2071	2125	2069	2015	
2072	2126	2070	2016	
2073	2127	2071	2017	
2074	2128	2072	2018	
2075	2129	2073	2019	
2076	2130	2074	2020	
2077	2131	2075	2021	
2078	2132	2076	2022	
2079	2133	2077	2023	
2080	2134	2078	2024	
2081	2135	2079	2025	
2082	2136	2080	2026	
2083	2137	2081	2027	
2084	2138	2082	2028	
2085	2139	2083	2029	
2086	2140	2084	2030	
2087	2141	2085	2031	
2088	2142	2086	2032	
2089	2143	2087	2033	
-1	2144	2088	2034	
2091	2145	-1	2035	
2092	2146	2090	2036	
2093	2147	2091	2037	
2094	2148	2092	2038	
2095	2149	2093	2039	
2096	2150	2094	2040	
2097	2151	2095	2041	
2098	2152	2096	2042	
2099	2153	2097	2043	
2100	2154	2098	2044	
2101	2155	2099	2045	
2102	2156	2100	2046	
2103	2157	2101	2047	
2104	2158	2102	2048	
2105	2159	2103	2049	
2106	2160	2104	2050	
2107	2161	2105	2051	
2108	2162	2106	2052	
2109	2163	2107	2053	
2110	2164	2108	2054	
2111	2165	2109	2055	
2112	2166	2110	2056	
2113	2167	2111	2057	
2114	2168	2112	2058	
2115	2169	2113	2059	
2116	2170	2114	2060	
2117	2171	2115	2061	
2118	2172	2116	2062	
2119	2173	2117	2063	
2120	2174	2118	2064	
2121	2175	2119	2065	
2122	2176	2120	2066	
2123	2177	2121	2067	
2124	2178	2122	2068	
2125	2179	2123	2069	
2126	2180	2124	2070	
2127	2181	2125	2071	
2128	2182	2126	2072	
2129	2183	2127	2073	
2130	2184	2128	2074	
2131	2185	2129	2075	
2132	2186	2130	2076	
2133	2187	2131	2077	
2134	2188	2132	2078	
2135	2189	2133	2079	
2136	2190	2134	2080	
2137	2191	2135	2081	
2138	2192	2136	2082	
2139	2193	2137	2083	
2140	2194	2138	2084	
2141	2195	2139	2085	
2142	2196	2140	2086	
2143	2197	2141	2087	
2144	2198	2142	2088	
-1	2199	2143	2089	
2146	2200	-1	2090	
2147	2201	2145	2091	
2148	2202	2146	2092	
2149	2203	2147	2093	
2150	2204	2148	2094	
2151	2205	2149	2095	
2152	2206	2150	2096	
2153	2207	2151	2097	
2154	2208	2152	2098	
2155	2209	2153	2099	
2156	2210	2154	2100	
2157	2211	2155	2101	
2158	2212	2156	2102	
2159	2213	2157	2103	
2160	2214	2158	2104	
2161	2215	2159	2105	
2162	2216	2160	2106	
2163	2217	2161	2107	
2164	2218	2162	2108	
2165	2219	2163	2109	
2166	2220	2164	2110	
2167	2221	2165	2111	
2168	2222	2166	2112	
2169	2223	2167	2113	
2170	2224	2168	2114	
2171	2225	2169	2115	
2172	2226	2170	2116	
2173	2227	2171	2117	
2174	2228	2172	2118	
2175	2229	2173	2119	
2176	2230	2174	2120	
2177	2231	2175	2121	
2178	2232	2176	2122	
2179	2233	2177	2123	
2180	2234	2178	2124	
2181	2235	2179	2125	
2182	2236	2180	2126	
2183	2237	2181	2127	
2184	2238	2182	2128	
2185	2239	2183	2129	
2186	2240	2184	2130	
2187	2241	2185	2131	
2188	2242	2186	2132	
2189	2243	2187	2133	
2190	2244	2188	2134	
2191	2245	2189	2135	
2192	2246	2190	2136	
2193	2247	2191	2137	
2194	2248	2192	2138	
2195	2249	2193	2139	
2196	2250	2194	2140	
2197	2251	2195	2141	
2198	2252	2196	2142	
2199	2253	2197	2143	
-1	2254	2198	2144	
2201	2255	-1	2145	
2202	2256	2200	2146	
2203	2257	2201	2147	
2204	2258	2202	2148	
2205	2259	2203	2149	
2206	2260	2204	2150	
2207	2261	2205	2151	
2208	2262	2206	2152	
2209	2263	2207	2153	
2210	2264	2208	2154	
2211	2265	2209	2155	
2212	2266	2210	2156	
2213	2267	2211	2157	
2214	2268	2212	2158	
2215	2269	2213	2159	
2216	2270	2214	2160	
2217	2271	2215	2161	
2218	2272	2216	2162	
2219	2273	2217	2163	
2220	2274	2218	2164	
2221	2275	2219	2165	
2222	2276	2220	2166	
2223	2277	2221	2167	
2224	2278	2222	2168	
2225	2279	2223	2169	
2226	2280	2224	2170	
2227	2281	2225	2171	
2228	2282	2226	2172	
2229	2283	2227	2173	
2230	2284	2228	2174	
2231	2285	2229	2175	
2232	2286	2230	2176	
2233	2287	2231	2177	
2234	2288	2232	2178	
2235	2289	2233	2179	
2236	2290	2234	2180	
2237	2291	2235	2181	
2238	2292	2236	2182	
2239	2293	2237	2183	
2240	2294	2238	2184	
2241	2295	2239	2185	
2242	2296	2240	2186	
2243	2297	2241	2187	
2244	2298	2242	2188	
2245	2299	2243	2189	
2246	2300	2244	2190	
2247	2301	2245	2191	
2248	2302	2246	2192	
2249	2303	2247	2193	
2250	2304	2248	2194	
2251	2305	2249	2195	
2252	2306	2250	2196	
2253	2307	2251	2197	
2254	2308	2252	2198	
-1	2309	2253	2199	
2256	2310	-1	2200	
2257	2311	2255	2201	
2258	2312	2256	2202	
2259	2313	2257	2203	
2260	2314	2258	2204	
2261	2315	2259	2205	
2262	2316	2260	2206	
2263	2317	2261	2207	
2264	2318	2262	2208	
2265	2319	2263	2209	
2266	2320	2264	2210	
2267	2321	2265	2211	
2268	2322	2266	2212	
2269	2323	2267	2213	
2270	2324	2268	2214	
2271	2325	2269	2215	
2272	2326	2270	2216	
2273	2327	2271	2217	
2274	2328	2272	2218	
2275	2329	2273	2219	
2276	2330	2274	2220	
2277	2331	2275	2221	
2278	2332	2276	2222	
2279	2333	2277	2223	
2280	2334	2278	2224	
2281	2335	2279	2225	
2282	2336	2280	2226	
2283	2337	2281	2227	
2284	2338	2282	2228	
2285	2339	2283	2229	
2286	2340	2284	2230	
2287	2341	2285	2231	
2288	2342	2286	2232	
2289	2343	2287	2233	
2290	2344	2288	2234	
2291	2345	2289	2235	
2292	2346	2290	2236	
2293	2347	2291	2237	
2294	2348	2292	2238	
2295	2349	2293	2239	
2296	2350	2294	2240	
2297	2351	2295	2241	
2298	2352	2296	2242	
2299	2353	2297	2243	
2300	2354	2298	2244	
2301	2355	2299	2245	
2302	2356	2300	2246	
2303	2357	2301	2247	
2304	2358	2302	2248	
2305	2359	2303	2249	
2306	2360	2304	2250	
2307	2361	2305	2251	
2308	2362	2306	2252	
2309	2363	2307	2253	
-1	2364	2308	2254	
2311	2365	-1	2255	
2312	2366	2310	2256	
2313	2367	2311	2257	
2314	2368	2312	2258	
2315	2369	2313	2259	
2316	2370	2314	2260	
2317	2371	2315	2261	
2318	2372	2316	2262	
2319	2373	2317	2263	
2320	2374	2318	2264	
2321	2375	2319	2265	
2322	2376	2320	2266	
2323	2377	2321	2267	
2324	2378	2322	2268	
2325	2379	2323	2269	
2326	2380	2324	2270	
2327	2381	2325	2271	
2328	2382	2326	2272	
2329	2383	2327	2273	
2330	2384	2328	2274	
2331	2385	2329	2275	
2332	2386	2330	2276	
2333	2387	2331	2277	
2334	2388	2332	2278	
2335	2389	2333	2279	
2336	2390	2334	2280	
2337	2391	2335	2281	
2338	2392	2336	2282	
2339	2393	2337	2283	
2340	2394	2338	2284	
2341	2395	2339	2285	
2342	2396	2340	2286	
2343	2397	2341	2287	
2344	2398	2342	2288	
2345	2399	2343	2289	
2346	2400	2344	2290	
2347	2401	2345	2291	
2348	2402	2346	2292	
2349	2403	2347	2293	
2350	2404	2348	2294	
2351	2405	2349	2295	
2352	2406	2350	2296	
2353	2407	2351	2297	
2354	2408	2352	2298	
2355	2409	2353	2299	
2356	2410	2354	2300	
2357	2411	2355	2301	
2358	2412	2356	2302	
2359	2413	2357	2303	
2360	2414	2358	2304	
2361	2415	2359	2305	
2362	2416	2360	2306	
2363	2417	2361	2307	
2364	2418	2362	2308	
-1	2419	2363	2309	
2366	2420	-1	2310	
2367	2421	2365	2311	
2368	2422	2366	2312	
2369	2423	2367	2313	
2370	2424	2368	2314	
2371	2425	2369	2315	
2372	2426	2370	2316	
2373	2427	2371	2317	
2374	2428	2372	2318	
2375	2429	2373	2319	
2376	2430	2374	2320	
2377	2431	2375	2321	
2378	2432	2376	2322	
2379	2433	2377	2323	
2380	2434	2378	2324	
2381	2435	2379	2325	
2382	2436	2380	2326	
2383	2437	2381	2327	
2384	2438	2382	2328	
2385	2439	2383	2329	
2386	2440	2384	2330	
2387	2441	2385	2331	
2388	2442	2386	2332	
2389	2443	2387	2333	
2390	2444	2388	2334	
2391	2445	2389	2335	
2392	2446	2390	2336	
2393	2447	2391	2337	
2394	2448	2392	2338	
2395	2449	2393	2339	
2396	2450	2394	2340	
2397	2451	2395	2341	
2398	2452	2396	2342	
2399	2453	2397	2343	
2400	2454	2398	2344	
2401	2455	2399	2345	
2402	2456	2400	2346	
2403	2457	2401	2347	
2404	2458	2402	2348	
2405	2459	2403	2349	
2406	2460	2404	2350	
2407	2461	2405	2351	
2408	2462	2406	2352	
2409	2463	2407	2353	
2410	2464	2408	2354	
2411	2465	2409	2355	
2412	2466	2410	2356	
2413	2467	2411	2357	
2414	2468	2412	2358	
2415	2469	2413	2359	
2416	2470	2414	2360	
2417	2471	2415	2361	
2418	2472	2416	2362	
2419	2473	2417	2363	
-1	2474	2418	2364	
2421	2475	-1	2365	
2422	2476	2420	2366	
2423	2477	2421	2367	
2424	2478	2422	2368	
2425	2479	2423	2369	
2426	2480	2424	2370	
2427	2481	2425	2371	
2428	2482	2426	2372	
2429	2483	2427	2373	
2430	2484	2428	2374	
2431	2485	2429	2375	
2432	2486	2430	2376	
2433	2487	2431	2377	
2434	2488	2432	2378	
2435	2489	2433	2379	
2436	2490	2434	2380	
2437	2491	2435	2381	
2438	2492	2436	2382	
2439	2493	2437	2383	
2440	2494	2438	2384	
2441	2495	2439	2385	
2442	2496	2440	2386	
2443	2497	2441	2387	
2444	2498	2442	2388	
2445	2499	2443	2389	
2446	2500	2444	2390	
2447	2501	2445	2391	
2448	2502	2446	2392	
2449	2503	2447	2393	
2450	2504	2448	2394	
2451	2505	2449	2395	
2452	2506	2450	2396	
2453	2507	2451	2397	
2454	2508	2452	2398	
2455	2509	2453	2399	
2456	2510	2454	2400	
2457	2511	2455	2401	
2458	2512	2456	2402	
2459	2513	2457	2403	
2460	2514	2458	2404	
2461	2515	2459	2405	
2462	2516	2460	2406	
2463	2517	2461	2407	
2464	2518	2462	2408	
2465	2519	2463	2409	
2466	2520	2464	2410	
2467	2521	2465	2411	
2468	2522	2466	2412	
2469	2523	2467	2413	
2470	2524	2468	2414	
2471	2525	2469	2415	
2472	2526	2470	2416	
2473	2527	2471	2417	
2474	2528	2472	2418	
-1	2529	2473	2419	
2476	2530	-1	2420	
2477	2531	2475	2421	
2478	2532	2476	2422	
2479	2533	2477	2423	
2480	2534	2478	2424	
2481	2535	2479	2425	
2482	2536	2480	2426	
2483	2537	2481	2427	
2484	2538	2482	2428	
2485	2539	2483	2429	
2486	2540	2484	2430	
2487	2541	2485	2431	
2488	2542	2486	2432	
2489	2543	2487	2433	
2490	2544	2488	2434	
2491	2545	2489	2435	
2492	2546	2490	2436	
2493	2547	2491	2437	
2494	2548	2492	2438	
2495	2549	2493	2439	
2496	2550	2494	2440	
2497	2551	2495	2441	
2498	2552	2496	2442	
2499	2553	2497	2443	
2500	2554	2498	2444	
2501	2555	2499	2445	
2502	2556	2500	2446	
2503	2557	2501	2447	
2504	2558	2502	2448	
2505	2559	2503	2449	
2506	2560	2504	2450	
2507	2561	2505	2451	
2508	2562	2506	2452	
2509	2563	2507	2453	
2510	2564	2508	2454	
2511	2565	2509	2455	
2512	2566	2510	2456	
2513	2567	2511	2457	
2514	2568	2512	2458	
2515	2569	2513	2459	
2516	2570	2514	2460	
2517	2571	2515	2461	
2518	2572	2516	2462	
2519	2573	2517	2463	
2520	2574	2518	2464	
2521	2575	2519	2465	
2522	2576	2520	2466	
2523	2577	2521	2467	
2524	2578	2522	2468	
2525	2579	2523	2469	
2526	2580	2524	2470	
2527	2581	2525	2471	
2528	2582	2526	2472	
2529	2583	2527	2473	
-1	2584	2528	2474	
2531	2585	-1	2475	
2532	2586	2530	2476	
2533	2587	2531	2477	
2534	2588	2532	2478	
2535	2589	2533	2479	
2536	2590	2534	2480	
2537	2591	2535	2481	
2538	2592	2536	2482	
2539	2593	2537	2483	
2540	2594	2538	2484	
2541	2595	2539	2485	
2542	2596	2540	2486	
2543	2597	2541	2487	
2544	2598	2542	2488	
2545	2599	2543	2489	
2546	2600	2544	2490	
2547	2601	2545	2491	
2548	2602	2546	2492	
2549	2603	2547	2493	
2550	2604	2548	2494	
2551	2605	2549	2495	
2552	2606	2550	2496	
2553	2607	2551	2497	
2554	2608	2552	2498	
2555	2609	2553	2499	
2556	2610	2554	2500	
2557	2611	2555	2501	
2558	2612	2556	2502	
2559	2613	2557	2503	
2560	2614	2558	2504	
2561	2615	2559	2505	
2562	2616	2560	2506	
2563	2617	2561	2507	
2564	2618	2562	2508	
2565	2619	2563	2509	
2566	2620	2564	2510	
2567	2621	2565	2511	
2568	2622	2566	2512	
2569	2623	2567	2513	
2570	2624	2568	2514	
2571	2625	2569	2515	
2572	2626	2570	2516	
2573	2627	2571	2517	
2574	2628	2572	2518	
2575	2629	2573	2519	
2576	2630	2574	2520	
2577	2631	2575	2521	
2578	2632	2576	2522	
2579	2633	2577	2523	
2580	2634	2578	2524	
2581	2635	2579	2525	
2582	2636	2580	2526	
2583	2637	2581	2527	
2584	2638	2582	2528	
-1	2639	2583	2529	
2586	2640	-1	2530	
2587	2641	2585	2531	
2588	2642	2586	2532	
2589	2643	2587	2533	
2590	2644	2588	2534	
2591	2645	2589	2535	
2592	2646	2590	2536	
2593	2647	2591	2537	
2594	2648	2592	2538	
2595	2649	2593	2539	
2596	2650	2594	2540	
2597	2651	2595	2541	
2598	2652	2596	2542	
2599	2653	2597	2543	
2600	2654	2598	2544	
2601	2655	2599	2545	
2602	2656	2600	2546	
2603	2657	2601	2547	
2604	2658	2602	2548	
2605	2659	2603	2549	
2606	2660	2604	2550	
2607	2661	2605	2551	
2608	2662	2606	2552	
2609	2663	2607	2553	
2610	2664	2608	2554	
2611	2665	2609	2555	
2612	2666	2610	2556	
2613	2667	2611	2557	
2614	2668	2612	2558	
2615	2669	2613	2559	
2616	2670	2614	2560	
2617	2671	2615	2561	
2618	2672	2616	2562	
2619	2673	2617	2563	
2620	2674	2618	2564	
2621	2675	2619	2565	
2622	2676	2620	2566	
2623	2677	2621	2567	
2624	2678	2622	2568	
2625	2679	2623	2569	
2626	2680	2624	2570	
2627	2681	2625	2571	
2628	2682	2626	2572	
2629	2683	2627	2573	
2630	2684	2628	2574	
2631	2685	2629	2575	
2632	2686	2630	2576	
2633	2687	2631	2577	
2634	2688	2632	2578	
2635	2689	2633	2579	
2636	2690	2634	2580	
2637	2691	2635	2581	
2638	2692	2636	2582	
2639	2693	2637	2583	
-1	2694	2638	2584	
2641	2695	-1	2585	
2642	2696	2640	2586	
2643	2697	2641	2587	
2644	2698	2642	2588	
2645	2699	2643	2589	
2646	2700	2644	2590	
2647	2701	2645	2591	
2648	2702	2646	2592	
2649	2703	2647	2593	
2650	2704	2648	2594	
2651	2705	2649	2595	
2652	2706	2650	2596	
2653	2707	2651	2597	
2654	2708	2652	2598	
2655	2709	2653	2599	
2656	2710	2654	2600	
2657	2711	2655	2601	
2658	2712	2656	2602	
2659	2713	2657	2603	
2660	2714	2658	2604	
2661	2715	2659	2605	
2662	2716	2660	2606	
2663	2717	2661	2607	
2664	2718	2662	2608	
2665	2719	2663	2609	
2666	2720	2664	2610	
2667	2721	2665	2611	
2668	2722	2666	2612	
2669	2723	2667	2613	
2670	2724	2668	2614	
2671	2725	2669	2615	
2672	2726	2670	2616	
2673	2727	2671	2617	
2674	2728	2672	2618	
2675	2729	2673	2619	
2676	2730	2674	2620	
2677	2731	2675	2621	
2678	2732	2676	2622	
2679	2733	2677	2623	
2680	2734	2678	2624	
2681	2735	2679	2625	
2682	2736	2680	2626	
2683	2737	2681	2627	
2684	2738	2682	2628	
2685	2739	2683	2629	
2686	2740	2684	2630	
2687	2741	2685	2631	
2688	2742	2686	2632	
2689	2743	2687	2633	
2690	2744	2688	2634	
2691	2745	2689	2635	
2692	2746	2690	2636	
2693	2747	2691	2637	
2694	2748	2692	2638	
-1	2749	2693	2639	
2696	2750	-1	2640	
2697	2751	2695	2641	
2698	2752	2696	2642	
2699	2753	2697	2643	
2700	2754	2698	2644	
2701	2755	2699	2645	
2702	2756	2700	2646	
2703	2757	2701	2647	
2704	2758	2702	2648	
2705	2759	2703	2649	
2706	2760	2704	2650	
2707	2761	2705	2651	
2708	2762	2706	2652	
2709	2763	2707	2653	
2710	2764	2708	2654	
2711	2765	2709	2655	
2712	2766	2710	2656	
2713	2767	2711	2657	
2714	2768	2712	2658	
2715	2769	2713	2659	
2716	2770	2714	2660	
2717	2771	2715	2661	
2718	2772	2716	2662	
2719	2773	2717	2663	
2720	2774	2718	2664	
2721	2775	2719	2665	
2722	2776	2720	2666	
2723	2777	2721	2667	
2724	2778	2722	2668	
2725	2779	2723	2669	
2726	2780	2724	2670	
2727	2781	2725	2671	
2728	2782	2726	2672	
2729	2783	2727	2673	
2730	2784	2728	2674	
2731	2785	2729	2675	
2732	2786	2730	2676	
2733	2787	2731	2677	
2734	2788	2732	2678	
2735	2789	2733	2679	
2736	2790	2734	2680	
2737	2791	2735	2681	
2738	2792	2736	2682	
2739	2793	2737	2683	
2740	2794	2738	2684	
2741	2795	2739	2685	
2742	2796	2740	2686	
2743	2797	2741	2687	
2744	2798	2742	2688	
2745	2799	2743	2689	
2746	2800	2744	2690	
2747	2801	2745	2691	
2748	2802	2746	2692	
2749	2803	2747	2693	
-1	2804	2748	2694	
2751	2805	-1	2695	
2752	2806	2750	2696	
2753	2807	2751	2697	
2754	2808	2752	2698	
2755	2809	2753	2699	
2756	2810	2754	2700	
2757	2811	2755	2701	
2758	2812	2756	2702	
2759	2813	2757	2703	
2760	2814	2758	2704	
2761	2815	2759	2705	
2762	2816	2760	2706	
2763	2817	2761	2707	
2764	2818	2762	2708	
2765	2819	2763	2709	
2766	2820	2764	2710	
2767	2821	2765	2711	
2768	2822	2766	2712	
2769	2823	2767	2713	
2770	2824	2768	2714	
2771	2825	2769	2715	
2772	2826	2770	2716	
2773	2827	2771	2717	
2774	2828	2772	2718	
2775	2829	2773	2719	
2776	2830	2774	2720	
2777	2831	2775	2721	
2778	2832	2776	2722	
2779	2833	2777	2723	
2780	2834	2778	2724	
2781	2835	2779	2725	
2782	2836	2780	2726	
2783	2837	2781	2727	
2784	2838	2782	2728	
2785	2839	2783	2729	
2786	2840	2784	2730	
2787	2841	2785	2731	
2788	2842	2786	2732	
2789	2843	2787	2733	
2790	2844	2788	2734	
2791	2845	2789	2735	
2792	2846	2790	2736	
2793	2847	2791	2737	
2794	2848	2792	2738	
2795	2849	2793	2739	
2796	2850	2794	2740	
2797	2851	2795	2741	
2798	2852	2796	2742	
2799	2853	2797	2743	
2800	2854	2798	2744	
2801	2855	2799	2745	
2802	2856	2800	2746	
2803	2857	2801	2747	
2804	2858	2802	2748	
-1	2859	2803	2749	
2806	2860	-1	2750	
2807	2861	2805	2751	
2808	2862	2806	2752	
2809	2863	2807	2753	
2810	2864	2808	2754	
2811	2865	2809	2755	
2812	2866	2810	2756	
2813	2867	2811	2757	
2814	2868	2812	2758	
2815	2869	2813	2759	
2816	2870	2814	2760	
2817	2871	2815	2761	
2818	2872	2816	2762	
2819	2873	2817	2763	
2820	2874	2818	2764	
2821	2875	2819	2765	
2822	2876	2820	2766	
2823	2877	2821	2767	
2824	2878	2822	2768	
2825	2879	2823	2769	
2826	2880	2824	2770	
2827	2881	2825	2771	
2828	2882	2826	2772	
2829	2883	2827	2773	
2830	2884	2828	2774	
2831	2885	2829	2775	
2832	2886	2830	2776	
2833	2887	2831	2777	
2834	2888	2832	2778	
2835	2889	2833	2779	
2836	2890	2834	2780	
2837	2891	2835	2781	
2838	2892	2836	2782	
2839	2893	2837	2783	
2840	2894	2838	2784	
2841	2895	2839	2785	
2842	2896	2840	2786	
2843	2897	2841	2787	
2844	2898	2842	2788	
2845	2899	2843	2789	
2846	2900	2844	2790	
2847	2901	2845	2791	
2848	2902	2846	2792	
2849	2903	2847	2793	
2850	2904	2848	2794	
2851	2905	2849	2795	
2852	2906	2850	2796	
2853	2907	2851	2797	
2854	2908	2852	2798	
2855	2909	2853	2799	
2856	2910	2854	2800	
2857	2911	2855	2801	
2858	2912	2856	2802	
2859	2913	2857	2803	
-1	2914	2858	2804	
2861	2915	-1	2805	
2862	2916	2860	2806	
2863	2917	2861	2807	
2864	2918	2862	2808	
2865	2919	2863	2809	
2866	2920	2864	2810	
2867	2921	2865	2811	
2868	2922	2866	2812	
2869	2923	2867	2813	
2870	2924	2868	2814	
2871	2925	2869	2815	
2872	2926	2870	2816	
2873	2927	2871	2817	
2874	2928	2872	2818	
2875	2929	2873	2819	
2876	2930	2874	2820	
2877	2931	2875	2821	
2878	2932	2876	2822	
2879	2933	2877	2823	
2880	2934	2878	2824	
2881	2935	2879	2825	
2882	2936	2880	2826	
2883	2937	2881	2827	
2884	2938	2882	2828	
2885	2939	2883	2829	
2886	2940	2884	2830	
2887	2941	2885	2831	
2888	2942	2886	2832	
2889	2943	2887	2833	
2890	2944	2888	2834	
2891	2945	2889	2835	
2892	2946	2890	2836	
2893	2947	2891	2837	
2894	2948	2892	2838	
2895	2949	2893	2839	
2896	2950	2894	2840	
2897	2951	2895	2841	
2898	2952	2896	2842	
2899	2953	2897	2843	
2900	2954	2898	2844	
2901	2955	2899	2845	
2902	2956	2900	2846	
2903	2957	2901	2847	
2904	2958	2902	2848	
2905	2959	2903	2849	
2906	2960	2904	2850	
2907	2961	2905	2851	
2908	2962	2906	2852	
2909	2963	2907	2853	
2910	2964	2908	2854	
2911	2965	2909	2855	
2912	2966	2910	2856	
2913	2967	2911	2857	
2914	2968	2912	2858	
-1	2969	2913	2859	
2916	2970	-1	2860	
2917	2971	2915	2861	
2918	2972	2916	2862	
2919	2973	2917	2863	
2920	2974	2918	2864	
2921	2975	2919	2865	
2922	2976	2920	2866	
2923	2977	2921	2867	
2924	2978	2922	2868	
2925	2979	2923	2869	
2926	2980	2924	2870	
2927	2981	2925	2871	
2928	2982	2926	2872	
2929	2983	2927	2873	
2930	2984	2928	2874	
2931	2985	2929	2875	
2932	2986	2930	2876	
2933	2987	2931	2877	
2934	2988	2932	2878	
2935	2989	2933	2879	
2936	2990	2934	2880	
2937	2991	2935	2881	
2938	2992	2936	2882	
2939	2993	2937	2883	
2940	2994	2938	2884	
2941	2995	2939	2885	
2942	2996	2940	2886	
2943	2997	2941	2887	
2944	2998	2942	2888	
2945	2999	2943	2889	
2946	3000	2944	2890	
2947	3001	2945	2891	
2948	3002	2946	2892	
2949	3003	2947	2893	
2950	3004	2948	2894	
2951	3005	2949	2895	
2952	3006	2950	2896	
2953	3007	2951	2897	
2954	3008	2952	2898	
2955	3009	2953	2899	
2956	3010	2954	2900	
2957	3011	2955	2901	
2958	3012	2956	2902	
2959	3013	2957	2903	
2960	3014	2958	2904	
2961	3015	2959	2905	
2962	3016	2960	2906	
2963	3017	2961	2907	
2964	3018	2962	2908	
2965	3019	2963	2909	
2966	3020	2964	2910	
2967	3021	2965	2911	
2968	3022	2966	2912	
2969	3023	2967	2913	
-1	3024	2968	2914	
2971	3025	-1	2915	
2972	3026	2970	2916	
2973	3027	2971	2917	
2974	3028	2972	2918	
2975	3029	2973	2919	
2976	3030	2974	2920	
2977	3031	2975	2921	
2978	3032	2976	2922	
2979	3033	2977	2923	
2980	3034	2978	2924	
2981	3035	2979	2925	
2982	3036	2980	2926	
2983	3037	2981	2927	
2984	3038	2982	2928	
2985	3039	2983	2929	
2986	3040	2984	2930	
2987	3041	2985	2931	
2988	3042	2986	2932	
2989	3043	2987	2933	
2990	3044	2988	2934	
2991	3045	2989	2935	
2992	3046	2990	2936	
2993	3047	2991	2937	
2994	3048	2992	2938	
2995	3049	2993	2939	
2996	3050	2994	2940	
2997	3051	2995	2941	
2998	3052	2996	2942	
2999	3053	2997	2943	
3000	3054	2998	2944	
3001	3055	2999	2945	
3002	3056	3000	2946	
3003	3057	3001	2947	
3004	3058	3002	2948	
3005	3059	3003	2949	
3006	3060	3004	2950	
3007	3061	3005	2951	
3008	3062	3006	2952	
3009	3063	3007	2953	
3010	3064	3008	2954	
3011	3065	3009	2955	
3012	3066	3010	2956	
3013	3067	3011	2957	
3014	3068	3012	2958	
3015	3069	3013	2959	
3016	3070	3014	2960	
3017	3071	3015	2961	
3018	3072	3016	2962	
3019	3073	3017	2963	
3020	3074	3018	2964	
3021	3075	3019	2965	
3022	3076	3020	2966	
3023	3077	3021	2967	
3024	3078	3022	2968	
-1	3079	3023	2969	
3026	-1	-1	2970	
3027	-1	3025	2971	
3028	-1	3026	2972	
3029	-1	3027	2973	
3030	-1	3028	2974	
3031	-1	3029	2975	
3032	-1	3030	2976	
3033	-1	3031	2977	
3034	-1	3032	2978	
3035	-1	3033	2979	
3036	-1	3034	2980	
3037	-1	3035	2981	
3038	-1	3036	2982	
3039	-1	3037	2983	
3040	-1	3038	2984	
3041	-1	3039	2985	
3042	-1	3040	2986	
3043	-1	3041	2987	
3044	-1	3042	2988	
3045	-1	3043	2989	
3046	-1	3044	2990	
3047	-1	3045	2991	
3048	-1	3046	2992	
3049	-1	3047	2993	
3050	-1	3048	2994	
3051	-1	3049	2995	
3052	-1	3050	2996	
3053	-1	3051	2997	
3054	-1	3052	2998	
3055	-1	3053	2999	
3056	-1	3054	3000	
3057	-1	3055	3001	
3058	-1	3056	3002	
3059	-1	3057	3003	
3060	-1	3058	3004	
3061	-1	3059	3005	
3062	-1	3060	3006	
3063	-1	3061	3007	
3064	-1	3062	3008	
3065	-1	3063	3009	
3066	-1	3064	3010	
3067	-1	3065	3011	
3068	-1	3066	3012	
3069	-1	3067	3013	
3070	-1	3068	3014	
3071	-1	3069	3015	
3072	-1	3070	3016	
3073	-1	3071	3017	
3074	-1	3072	3018	
3075	-1	3073	3019	
3076	-1	3074	3020	
3077	-1	3075	3021	
3078	-1	3076	3022	
3079	-1	3077	3023	
-1	-1	3078	3024	

