3080	3	0
0.01	0.00714286	0.0001511	
0.03	0.00714286	0.0001511	
0.05	0.00714286	0.0001511	
0.07	0.00714286	0.0001511	
0.09	0.00714286	0.0001511	
0.11	0.00714286	0.0001511	
0.13	0.00714286	0.0001511	
0.15	0.00714286	0.0001511	
0.17	0.00714286	0.0001511	
0.19	0.00714286	0.0001511	
0.21	0.00714286	0.0001511	
0.23	0.00714286	0.0001511	
0.25	0.00714286	0.0001511	
0.27	0.00714286	0.0001511	
0.29	0.00714286	0.0001511	
0.31	0.00714286	0.0001511	
0.33	0.00714286	0.0001511	
0.35	0.00714286	0.0001511	
0.37	0.00714286	0.0001511	
0.39	0.00714286	0.0001511	
0.41	0.00714286	0.0001511	
0.43	0.00714286	0.0001511	
0.45	0.00714286	0.0001511	
0.47	0.00714286	0.0001511	
0.49	0.00714286	0.0001511	
0.51	0.00714286	0.00011364	
0.53	0.00714286	0.00011364	
0.55	0.00714286	0.00011364	
0.57	0.00714286	0.00011364	
0.59	0.00714286	0.00011364	
0.61	0.00714286	0.00011364	
0.63	0.00714286	0.00011364	
0.65	0.00714286	0.00011364	
0.67	0.00714286	0.00011364	
0.69	0.00714286	0.00011364	
0.71	0.00714286	0.00011364	
0.73	0.00714286	0.00011364	
0.75	0.00714286	0.00011364	
0.77	0.00714286	0.00011364	
0.79	0.00714286	0.00011364	
0.81	0.00714286	0.00011364	
0.83	0.00714286	0.00011364	
0.85	0.00714286	0.00011364	
0.87	0.00714286	0.00011364	
0.89	0.00714286	0.00011364	
0.91	0.00714286	0.00011364	
0.93	0.00714286	0.00011364	
0.95	0.00714286	0.00011364	
0.97	0.00714286	0.00011364	
0.99	0.00714286	0.00011364	
1.01	0.00714286	0.00011364	
1.03	0.00714286	0.00011364	
1.05	0.00714286	0.00011364	
1.07	0.00714286	0.00011364	
1.09	0.00714286	0.00011364	
0.01	0.0214286	0.0001511	
0.03	0.0214286	0.0001511	
0.05	0.0214286	0.0001511	
0.07	0.0214286	0.0001511	
0.09	0.0214286	0.0001511	
0.11	0.0214286	0.0001511	
0.13	0.0214286	0.0001511	
0.15	0.0214286	0.0001511	
0.17	0.0214286	0.0001511	
0.19	0.0214286	0.0001511	
0.21	0.0214286	0.0001511	
0.23	0.0214286	0.0001511	
0.25	0.0214286	0.0001511	
0.27	0.0214286	0.0001511	
0.29	0.0214286	0.0001511	
0.31	0.0214286	0.0001511	
0.33	0.0214286	0.0001511	
0.35	0.0214286	0.0001511	
0.37	0.0214286	0.0001511	
0.39	0.0214286	0.0001511	
0.41	0.0214286	0.0001511	
0.43	0.0214286	0.0001511	
0.45	0.0214286	0.0001511	
0.47	0.0214286	0.0001511	
0.49	0.0214286	0.0001511	
0.51	0.0214286	0.00011364	
0.53	0.0214286	0.00011364	
0.55	0.0214286	0.00011364	
0.57	0.0214286	0.00011364	
0.59	0.0214286	0.00011364	
0.61	0.0214286	0.00011364	
0.63	0.0214286	0.00011364	
0.65	0.0214286	0.00011364	
0.67	0.0214286	0.00011364	
0.69	0.0214286	0.00011364	
0.71	0.0214286	0.00011364	
0.73	0.0214286	0.00011364	
0.75	0.0214286	0.00011364	
0.77	0.0214286	0.00011364	
0.79	0.0214286	0.00011364	
0.81	0.0214286	0.00011364	
0.83	0.0214286	0.00011364	
0.85	0.0214286	0.00011364	
0.87	0.0214286	0.00011364	
0.89	0.0214286	0.00011364	
0.91	0.0214286	0.00011364	
0.93	0.0214286	0.00011364	
0.95	0.0214286	0.00011364	
0.97	0.0214286	0.00011364	
0.99	0.0214286	0.00011364	
1.01	0.0214286	0.00011364	
1.03	0.0214286	0.00011364	
1.05	0.0214286	0.00011364	
1.07	0.0214286	0.00011364	
1.09	0.0214286	0.00011364	
0.01	0.0357143	0.0001511	
0.03	0.0357143	0.0001511	
0.05	0.0357143	0.0001511	
0.07	0.0357143	0.0001511	
0.09	0.0357143	0.0001511	
0.11	0.0357143	0.0001511	
0.13	0.0357143	0.0001511	
0.15	0.0357143	0.0001511	
0.17	0.0357143	0.0001511	
0.19	0.0357143	0.0001511	
0.21	0.0357143	0.0001511	
0.23	0.0357143	0.0001511	
0.25	0.0357143	0.0001511	
0.27	0.0357143	0.0001511	
0.29	0.0357143	0.0001511	
0.31	0.0357143	0.0001511	
0.33	0.0357143	0.0001511	
0.35	0.0357143	0.0001511	
0.37	0.0357143	0.0001511	
0.39	0.0357143	0.0001511	
0.41	0.0357143	0.0001511	
0.43	0.0357143	0.0001511	
0.45	0.0357143	0.0001511	
0.47	0.0357143	0.0001511	
0.49	0.0357143	0.0001511	
0.51	0.0357143	0.00011364	
0.53	0.0357143	0.00011364	
0.55	0.0357143	0.00011364	
0.57	0.0357143	0.00011364	
0.59	0.0357143	0.00011364	
0.61	0.0357143	0.00011364	
0.63	0.0357143	0.00011364	
0.65	0.0357143	0.00011364	
0.67	0.0357143	0.00011364	
0.69	0.0357143	0.00011364	
0.71	0.0357143	0.00011364	
0.73	0.0357143	0.00011364	
0.75	0.0357143	0.00011364	
0.77	0.0357143	0.00011364	
0.79	0.0357143	0.00011364	
0.81	0.0357143	0.00011364	
0.83	0.0357143	0.00011364	
0.85	0.0357143	0.00011364	
0.87	0.0357143	0.00011364	
0.89	0.0357143	0.00011364	
0.91	0.0357143	0.00011364	
0.93	0.0357143	0.00011364	
0.95	0.0357143	0.00011364	
0.97	0.0357143	0.00011364	
0.99	0.0357143	0.00011364	
1.01	0.0357143	0.00011364	
1.03	0.0357143	0.00011364	
1.05	0.0357143	0.00011364	
1.07	0.0357143	0.00011364	
1.09	0.0357143	0.00011364	
0.01	0.05	0.0001511	
0.03	0.05	0.0001511	
0.05	0.05	0.0001511	
0.07	0.05	0.0001511	
0.09	0.05	0.0001511	
0.11	0.05	0.0001511	
0.13	0.05	0.0001511	
0.15	0.05	0.0001511	
0.17	0.05	0.0001511	
0.19	0.05	0.0001511	
0.21	0.05	0.0001511	
0.23	0.05	0.0001511	
0.25	0.05	0.0001511	
0.27	0.05	0.0001511	
0.29	0.05	0.0001511	
0.31	0.05	0.0001511	
0.33	0.05	0.0001511	
0.35	0.05	0.0001511	
0.37	0.05	0.0001511	
0.39	0.05	0.0001511	
0.41	0.05	0.0001511	
0.43	0.05	0.0001511	
0.45	0.05	0.0001511	
0.47	0.05	0.0001511	
0.49	0.05	0.0001511	
0.51	0.05	0.00011364	
0.53	0.05	0.00011364	
0.55	0.05	0.00011364	
0.57	0.05	0.00011364	
0.59	0.05	0.00011364	
0.61	0.05	0.00011364	
0.63	0.05	0.00011364	
0.65	0.05	0.00011364	
0.67	0.05	0.00011364	
0.69	0.05	0.00011364	
0.71	0.05	0.00011364	
0.73	0.05	0.00011364	
0.75	0.05	0.00011364	
0.77	0.05	0.00011364	
0.79	0.05	0.00011364	
0.81	0.05	0.00011364	
0.83	0.05	0.00011364	
0.85	0.05	0.00011364	
0.87	0.05	0.00011364	
0.89	0.05	0.00011364	
0.91	0.05	0.00011364	
0.93	0.05	0.00011364	
0.95	0.05	0.00011364	
0.97	0.05	0.00011364	
0.99	0.05	0.00011364	
1.01	0.05	0.00011364	
1.03	0.05	0.00011364	
1.05	0.05	0.00011364	
1.07	0.05	0.00011364	
1.09	0.05	0.00011364	
0.01	0.0642857	0.0001511	
0.03	0.0642857	0.0001511	
0.05	0.0642857	0.0001511	
0.07	0.0642857	0.0001511	
0.09	0.0642857	0.0001511	
0.11	0.0642857	0.0001511	
0.13	0.0642857	0.0001511	
0.15	0.0642857	0.0001511	
0.17	0.0642857	0.0001511	
0.19	0.0642857	0.0001511	
0.21	0.0642857	0.0001511	
0.23	0.0642857	0.0001511	
0.25	0.0642857	0.0001511	
0.27	0.0642857	0.0001511	
0.29	0.0642857	0.0001511	
0.31	0.0642857	0.0001511	
0.33	0.0642857	0.0001511	
0.35	0.0642857	0.0001511	
0.37	0.0642857	0.0001511	
0.39	0.0642857	0.0001511	
0.41	0.0642857	0.0001511	
0.43	0.0642857	0.0001511	
0.45	0.0642857	0.0001511	
0.47	0.0642857	0.0001511	
0.49	0.0642857	0.0001511	
0.51	0.0642857	0.00011364	
0.53	0.0642857	0.00011364	
0.55	0.0642857	0.00011364	
0.57	0.0642857	0.00011364	
0.59	0.0642857	0.00011364	
0.61	0.0642857	0.00011364	
0.63	0.0642857	0.00011364	
0.65	0.0642857	0.00011364	
0.67	0.0642857	0.00011364	
0.69	0.0642857	0.00011364	
0.71	0.0642857	0.00011364	
0.73	0.0642857	0.00011364	
0.75	0.0642857	0.00011364	
0.77	0.0642857	0.00011364	
0.79	0.0642857	0.00011364	
0.81	0.0642857	0.00011364	
0.83	0.0642857	0.00011364	
0.85	0.0642857	0.00011364	
0.87	0.0642857	0.00011364	
0.89	0.0642857	0.00011364	
0.91	0.0642857	0.00011364	
0.93	0.0642857	0.00011364	
0.95	0.0642857	0.00011364	
0.97	0.0642857	0.00011364	
0.99	0.0642857	0.00011364	
1.01	0.0642857	0.00011364	
1.03	0.0642857	0.00011364	
1.05	0.0642857	0.00011364	
1.07	0.0642857	0.00011364	
1.09	0.0642857	0.00011364	
0.01	0.0785714	0.0001511	
0.03	0.0785714	0.0001511	
0.05	0.0785714	0.0001511	
0.07	0.0785714	0.0001511	
0.09	0.0785714	0.0001511	
0.11	0.0785714	0.0001511	
0.13	0.0785714	0.0001511	
0.15	0.0785714	0.0001511	
0.17	0.0785714	0.0001511	
0.19	0.0785714	0.0001511	
0.21	0.0785714	0.0001511	
0.23	0.0785714	0.0001511	
0.25	0.0785714	0.0001511	
0.27	0.0785714	0.0001511	
0.29	0.0785714	0.0001511	
0.31	0.0785714	0.0001511	
0.33	0.0785714	0.0001511	
0.35	0.0785714	0.0001511	
0.37	0.0785714	0.0001511	
0.39	0.0785714	0.0001511	
0.41	0.0785714	0.0001511	
0.43	0.0785714	0.0001511	
0.45	0.0785714	0.0001511	
0.47	0.0785714	0.0001511	
0.49	0.0785714	0.0001511	
0.51	0.0785714	0.00011364	
0.53	0.0785714	0.00011364	
0.55	0.0785714	0.00011364	
0.57	0.0785714	0.00011364	
0.59	0.0785714	0.00011364	
0.61	0.0785714	0.00011364	
0.63	0.0785714	0.00011364	
0.65	0.0785714	0.00011364	
0.67	0.0785714	0.00011364	
0.69	0.0785714	0.00011364	
0.71	0.0785714	0.00011364	
0.73	0.0785714	0.00011364	
0.75	0.0785714	0.00011364	
0.77	0.0785714	0.00011364	
0.79	0.0785714	0.00011364	
0.81	0.0785714	0.00011364	
0.83	0.0785714	0.00011364	
0.85	0.0785714	0.00011364	
0.87	0.0785714	0.00011364	
0.89	0.0785714	0.00011364	
0.91	0.0785714	0.00011364	
0.93	0.0785714	0.00011364	
0.95	0.0785714	0.00011364	
0.97	0.0785714	0.00011364	
0.99	0.0785714	0.00011364	
1.01	0.0785714	0.00011364	
1.03	0.0785714	0.00011364	
1.05	0.0785714	0.00011364	
1.07	0.0785714	0.00011364	
1.09	0.0785714	0.00011364	
0.01	0.0928571	0.0001511	
0.03	0.0928571	0.0001511	
0.05	0.0928571	0.0001511	
0.07	0.0928571	0.0001511	
0.09	0.0928571	0.0001511	
0.11	0.0928571	0.0001511	
0.13	0.0928571	0.0001511	
0.15	0.0928571	0.0001511	
0.17	0.0928571	0.0001511	
0.19	0.0928571	0.0001511	
0.21	0.0928571	0.0001511	
0.23	0.0928571	0.0001511	
0.25	0.0928571	0.0001511	
0.27	0.0928571	0.0001511	
0.29	0.0928571	0.0001511	
0.31	0.0928571	0.0001511	
0.33	0.0928571	0.0001511	
0.35	0.0928571	0.0001511	
0.37	0.0928571	0.0001511	
0.39	0.0928571	0.0001511	
0.41	0.0928571	0.0001511	
0.43	0.0928571	0.0001511	
0.45	0.0928571	0.0001511	
0.47	0.0928571	0.0001511	
0.49	0.0928571	0.0001511	
0.51	0.0928571	0.00011364	
0.53	0.0928571	0.00011364	
0.55	0.0928571	0.00011364	
0.57	0.0928571	0.00011364	
0.59	0.0928571	0.00011364	
0.61	0.0928571	0.00011364	
0.63	0.0928571	0.00011364	
0.65	0.0928571	0.00011364	
0.67	0.0928571	0.00011364	
0.69	0.0928571	0.00011364	
0.71	0.0928571	0.00011364	
0.73	0.0928571	0.00011364	
0.75	0.0928571	0.00011364	
0.77	0.0928571	0.00011364	
0.79	0.0928571	0.00011364	
0.81	0.0928571	0.00011364	
0.83	0.0928571	0.00011364	
0.85	0.0928571	0.00011364	
0.87	0.0928571	0.00011364	
0.89	0.0928571	0.00011364	
0.91	0.0928571	0.00011364	
0.93	0.0928571	0.00011364	
0.95	0.0928571	0.00011364	
0.97	0.0928571	0.00011364	
0.99	0.0928571	0.00011364	
1.01	0.0928571	0.00011364	
1.03	0.0928571	0.00011364	
1.05	0.0928571	0.00011364	
1.07	0.0928571	0.00011364	
1.09	0.0928571	0.00011364	
0.01	0.107143	0.0001511	
0.03	0.107143	0.0001511	
0.05	0.107143	0.0001511	
0.07	0.107143	0.0001511	
0.09	0.107143	0.0001511	
0.11	0.107143	0.0001511	
0.13	0.107143	0.0001511	
0.15	0.107143	0.0001511	
0.17	0.107143	0.0001511	
0.19	0.107143	0.0001511	
0.21	0.107143	0.0001511	
0.23	0.107143	0.0001511	
0.25	0.107143	0.0001511	
0.27	0.107143	0.0001511	
0.29	0.107143	0.0001511	
0.31	0.107143	0.0001511	
0.33	0.107143	0.0001511	
0.35	0.107143	0.0001511	
0.37	0.107143	0.0001511	
0.39	0.107143	0.0001511	
0.41	0.107143	0.0001511	
0.43	0.107143	0.0001511	
0.45	0.107143	0.0001511	
0.47	0.107143	0.0001511	
0.49	0.107143	0.0001511	
0.51	0.107143	0.00011364	
0.53	0.107143	0.00011364	
0.55	0.107143	0.00011364	
0.57	0.107143	0.00011364	
0.59	0.107143	0.00011364	
0.61	0.107143	0.00011364	
0.63	0.107143	0.00011364	
0.65	0.107143	0.00011364	
0.67	0.107143	0.00011364	
0.69	0.107143	0.00011364	
0.71	0.107143	0.00011364	
0.73	0.107143	0.00011364	
0.75	0.107143	0.00011364	
0.77	0.107143	0.00011364	
0.79	0.107143	0.00011364	
0.81	0.107143	0.00011364	
0.83	0.107143	0.00011364	
0.85	0.107143	0.00011364	
0.87	0.107143	0.00011364	
0.89	0.107143	0.00011364	
0.91	0.107143	0.00011364	
0.93	0.107143	0.00011364	
0.95	0.107143	0.00011364	
0.97	0.107143	0.00011364	
0.99	0.107143	0.00011364	
1.01	0.107143	0.00011364	
1.03	0.107143	0.00011364	
1.05	0.107143	0.00011364	
1.07	0.107143	0.00011364	
1.09	0.107143	0.00011364	
0.01	0.121429	0.0001511	
0.03	0.121429	0.0001511	
0.05	0.121429	0.0001511	
0.07	0.121429	0.0001511	
0.09	0.121429	0.0001511	
0.11	0.121429	0.0001511	
0.13	0.121429	0.0001511	
0.15	0.121429	0.0001511	
0.17	0.121429	0.0001511	
0.19	0.121429	0.0001511	
0.21	0.121429	0.0001511	
0.23	0.121429	0.0001511	
0.25	0.121429	0.0001511	
0.27	0.121429	0.0001511	
0.29	0.121429	0.0001511	
0.31	0.121429	0.0001511	
0.33	0.121429	0.0001511	
0.35	0.121429	0.0001511	
0.37	0.121429	0.0001511	
0.39	0.121429	0.0001511	
0.41	0.121429	0.0001511	
0.43	0.121429	0.0001511	
0.45	0.121429	0.0001511	
0.47	0.121429	0.0001511	
0.49	0.121429	0.0001511	
0.51	0.121429	0.00011364	
0.53	0.121429	0.00011364	
0.55	0.121429	0.00011364	
0.57	0.121429	0.00011364	
0.59	0.121429	0.00011364	
0.61	0.121429	0.00011364	
0.63	0.121429	0.00011364	
0.65	0.121429	0.00011364	
0.67	0.121429	0.00011364	
0.69	0.121429	0.00011364	
0.71	0.121429	0.00011364	
0.73	0.121429	0.00011364	
0.75	0.121429	0.00011364	
0.77	0.121429	0.00011364	
0.79	0.121429	0.00011364	
0.81	0.121429	0.00011364	
0.83	0.121429	0.00011364	
0.85	0.121429	0.00011364	
0.87	0.121429	0.00011364	
0.89	0.121429	0.00011364	
0.91	0.121429	0.00011364	
0.93	0.121429	0.00011364	
0.95	0.121429	0.00011364	
0.97	0.121429	0.00011364	
0.99	0.121429	0.00011364	
1.01	0.121429	0.00011364	
1.03	0.121429	0.00011364	
1.05	0.121429	0.00011364	
1.07	0.121429	0.00011364	
1.09	0.121429	0.00011364	
0.01	0.135714	0.0001511	
0.03	0.135714	0.0001511	
0.05	0.135714	0.0001511	
0.07	0.135714	0.0001511	
0.09	0.135714	0.0001511	
0.11	0.135714	0.0001511	
0.13	0.135714	0.0001511	
0.15	0.135714	0.0001511	
0.17	0.135714	0.0001511	
0.19	0.135714	0.0001511	
0.21	0.135714	0.0001511	
0.23	0.135714	0.0001511	
0.25	0.135714	0.0001511	
0.27	0.135714	0.0001511	
0.29	0.135714	0.0001511	
0.31	0.135714	0.0001511	
0.33	0.135714	0.0001511	
0.35	0.135714	0.0001511	
0.37	0.135714	0.0001511	
0.39	0.135714	0.0001511	
0.41	0.135714	0.0001511	
0.43	0.135714	0.0001511	
0.45	0.135714	0.0001511	
0.47	0.135714	0.0001511	
0.49	0.135714	0.0001511	
0.51	0.135714	0.00011364	
0.53	0.135714	0.00011364	
0.55	0.135714	0.00011364	
0.57	0.135714	0.00011364	
0.59	0.135714	0.00011364	
0.61	0.135714	0.00011364	
0.63	0.135714	0.00011364	
0.65	0.135714	0.00011364	
0.67	0.135714	0.00011364	
0.69	0.135714	0.00011364	
0.71	0.135714	0.00011364	
0.73	0.135714	0.00011364	
0.75	0.135714	0.00011364	
0.77	0.135714	0.00011364	
0.79	0.135714	0.00011364	
0.81	0.135714	0.00011364	
0.83	0.135714	0.00011364	
0.85	0.135714	0.00011364	
0.87	0.135714	0.00011364	
0.89	0.135714	0.00011364	
0.91	0.135714	0.00011364	
0.93	0.135714	0.00011364	
0.95	0.135714	0.00011364	
0.97	0.135714	0.00011364	
0.99	0.135714	0.00011364	
1.01	0.135714	0.00011364	
1.03	0.135714	0.00011364	
1.05	0.135714	0.00011364	
1.07	0.135714	0.00011364	
1.09	0.135714	0.00011364	
0.01	0.15	0.0001511	
0.03	0.15	0.0001511	
0.05	0.15	0.0001511	
0.07	0.15	0.0001511	
0.09	0.15	0.0001511	
0.11	0.15	0.0001511	
0.13	0.15	0.0001511	
0.15	0.15	0.0001511	
0.17	0.15	0.0001511	
0.19	0.15	0.0001511	
0.21	0.15	0.0001511	
0.23	0.15	0.0001511	
0.25	0.15	0.0001511	
0.27	0.15	0.0001511	
0.29	0.15	0.0001511	
0.31	0.15	0.0001511	
0.33	0.15	0.0001511	
0.35	0.15	0.0001511	
0.37	0.15	0.0001511	
0.39	0.15	0.0001511	
0.41	0.15	0.0001511	
0.43	0.15	0.0001511	
0.45	0.15	0.0001511	
0.47	0.15	0.0001511	
0.49	0.15	0.0001511	
0.51	0.15	0.00011364	
0.53	0.15	0.00011364	
0.55	0.15	0.00011364	
0.57	0.15	0.00011364	
0.59	0.15	0.00011364	
0.61	0.15	0.00011364	
0.63	0.15	0.00011364	
0.65	0.15	0.00011364	
0.67	0.15	0.00011364	
0.69	0.15	0.00011364	
0.71	0.15	0.00011364	
0.73	0.15	0.00011364	
0.75	0.15	0.00011364	
0.77	0.15	0.00011364	
0.79	0.15	0.00011364	
0.81	0.15	0.00011364	
0.83	0.15	0.00011364	
0.85	0.15	0.00011364	
0.87	0.15	0.00011364	
0.89	0.15	0.00011364	
0.91	0.15	0.00011364	
0.93	0.15	0.00011364	
0.95	0.15	0.00011364	
0.97	0.15	0.00011364	
0.99	0.15	0.00011364	
1.01	0.15	0.00011364	
1.03	0.15	0.00011364	
1.05	0.15	0.00011364	
1.07	0.15	0.00011364	
1.09	0.15	0.00011364	
0.01	0.164286	0.0001511	
0.03	0.164286	0.0001511	
0.05	0.164286	0.0001511	
0.07	0.164286	0.0001511	
0.09	0.164286	0.0001511	
0.11	0.164286	0.0001511	
0.13	0.164286	0.0001511	
0.15	0.164286	0.0001511	
0.17	0.164286	0.0001511	
0.19	0.164286	0.0001511	
0.21	0.164286	0.0001511	
0.23	0.164286	0.0001511	
0.25	0.164286	0.0001511	
0.27	0.164286	0.0001511	
0.29	0.164286	0.0001511	
0.31	0.164286	0.0001511	
0.33	0.164286	0.0001511	
0.35	0.164286	0.0001511	
0.37	0.164286	0.0001511	
0.39	0.164286	0.0001511	
0.41	0.164286	0.0001511	
0.43	0.164286	0.0001511	
0.45	0.164286	0.0001511	
0.47	0.164286	0.0001511	
0.49	0.164286	0.0001511	
0.51	0.164286	0.00011364	
0.53	0.164286	0.00011364	
0.55	0.164286	0.00011364	
0.57	0.164286	0.00011364	
0.59	0.164286	0.00011364	
0.61	0.164286	0.00011364	
0.63	0.164286	0.00011364	
0.65	0.164286	0.00011364	
0.67	0.164286	0.00011364	
0.69	0.164286	0.00011364	
0.71	0.164286	0.00011364	
0.73	0.164286	0.00011364	
0.75	0.164286	0.00011364	
0.77	0.164286	0.00011364	
0.79	0.164286	0.00011364	
0.81	0.164286	0.00011364	
0.83	0.164286	0.00011364	
0.85	0.164286	0.00011364	
0.87	0.164286	0.00011364	
0.89	0.164286	0.00011364	
0.91	0.164286	0.00011364	
0.93	0.164286	0.00011364	
0.95	0.164286	0.00011364	
0.97	0.164286	0.00011364	
0.99	0.164286	0.00011364	
1.01	0.164286	0.00011364	
1.03	0.164286	0.00011364	
1.05	0.164286	0.00011364	
1.07	0.164286	0.00011364	
1.09	0.164286	0.00011364	
0.01	0.178571	0.0001511	
0.03	0.178571	0.0001511	
0.05	0.178571	0.0001511	
0.07	0.178571	0.0001511	
0.09	0.178571	0.0001511	
0.11	0.178571	0.0001511	
0.13	0.178571	0.0001511	
0.15	0.178571	0.0001511	
0.17	0.178571	0.0001511	
0.19	0.178571	0.0001511	
0.21	0.178571	0.0001511	
0.23	0.178571	0.0001511	
0.25	0.178571	0.0001511	
0.27	0.178571	0.0001511	
0.29	0.178571	0.0001511	
0.31	0.178571	0.0001511	
0.33	0.178571	0.0001511	
0.35	0.178571	0.0001511	
0.37	0.178571	0.0001511	
0.39	0.178571	0.0001511	
0.41	0.178571	0.0001511	
0.43	0.178571	0.0001511	
0.45	0.178571	0.0001511	
0.47	0.178571	0.0001511	
0.49	0.178571	0.0001511	
0.51	0.178571	0.00011364	
0.53	0.178571	0.00011364	
0.55	0.178571	0.00011364	
0.57	0.178571	0.00011364	
0.59	0.178571	0.00011364	
0.61	0.178571	0.00011364	
0.63	0.178571	0.00011364	
0.65	0.178571	0.00011364	
0.67	0.178571	0.00011364	
0.69	0.178571	0.00011364	
0.71	0.178571	0.00011364	
0.73	0.178571	0.00011364	
0.75	0.178571	0.00011364	
0.77	0.178571	0.00011364	
0.79	0.178571	0.00011364	
0.81	0.178571	0.00011364	
0.83	0.178571	0.00011364	
0.85	0.178571	0.00011364	
0.87	0.178571	0.00011364	
0.89	0.178571	0.00011364	
0.91	0.178571	0.00011364	
0.93	0.178571	0.00011364	
0.95	0.178571	0.00011364	
0.97	0.178571	0.00011364	
0.99	0.178571	0.00011364	
1.01	0.178571	0.00011364	
1.03	0.178571	0.00011364	
1.05	0.178571	0.00011364	
1.07	0.178571	0.00011364	
1.09	0.178571	0.00011364	
0.01	0.192857	0.0001511	
0.03	0.192857	0.0001511	
0.05	0.192857	0.0001511	
0.07	0.192857	0.0001511	
0.09	0.192857	0.0001511	
0.11	0.192857	0.0001511	
0.13	0.192857	0.0001511	
0.15	0.192857	0.0001511	
0.17	0.192857	0.0001511	
0.19	0.192857	0.0001511	
0.21	0.192857	0.0001511	
0.23	0.192857	0.0001511	
0.25	0.192857	0.0001511	
0.27	0.192857	0.0001511	
0.29	0.192857	0.0001511	
0.31	0.192857	0.0001511	
0.33	0.192857	0.0001511	
0.35	0.192857	0.0001511	
0.37	0.192857	0.0001511	
0.39	0.192857	0.0001511	
0.41	0.192857	0.0001511	
0.43	0.192857	0.0001511	
0.45	0.192857	0.0001511	
0.47	0.192857	0.0001511	
0.49	0.192857	0.0001511	
0.51	0.192857	0.00011364	
0.53	0.192857	0.00011364	
0.55	0.192857	0.00011364	
0.57	0.192857	0.00011364	
0.59	0.192857	0.00011364	
0.61	0.192857	0.00011364	
0.63	0.192857	0.00011364	
0.65	0.192857	0.00011364	
0.67	0.192857	0.00011364	
0.69	0.192857	0.00011364	
0.71	0.192857	0.00011364	
0.73	0.192857	0.00011364	
0.75	0.192857	0.00011364	
0.77	0.192857	0.00011364	
0.79	0.192857	0.00011364	
0.81	0.192857	0.00011364	
0.83	0.192857	0.00011364	
0.85	0.192857	0.00011364	
0.87	0.192857	0.00011364	
0.89	0.192857	0.00011364	
0.91	0.192857	0.00011364	
0.93	0.192857	0.00011364	
0.95	0.192857	0.00011364	
0.97	0.192857	0.00011364	
0.99	0.192857	0.00011364	
1.01	0.192857	0.00011364	
1.03	0.192857	0.00011364	
1.05	0.192857	0.00011364	
1.07	0.192857	0.00011364	
1.09	0.192857	0.00011364	
0.01	0.207143	0.0001511	
0.03	0.207143	0.0001511	
0.05	0.207143	0.0001511	
0.07	0.207143	0.0001511	
0.09	0.207143	0.0001511	
0.11	0.207143	0.0001511	
0.13	0.207143	0.0001511	
0.15	0.207143	0.0001511	
0.17	0.207143	0.0001511	
0.19	0.207143	0.0001511	
0.21	0.207143	0.0001511	
0.23	0.207143	0.0001511	
0.25	0.207143	0.0001511	
0.27	0.207143	0.0001511	
0.29	0.207143	0.0001511	
0.31	0.207143	0.0001511	
0.33	0.207143	0.0001511	
0.35	0.207143	0.0001511	
0.37	0.207143	0.0001511	
0.39	0.207143	0.0001511	
0.41	0.207143	0.0001511	
0.43	0.207143	0.0001511	
0.45	0.207143	0.0001511	
0.47	0.207143	0.0001511	
0.49	0.207143	0.0001511	
0.51	0.207143	0.00011364	
0.53	0.207143	0.00011364	
0.55	0.207143	0.00011364	
0.57	0.207143	0.00011364	
0.59	0.207143	0.00011364	
0.61	0.207143	0.00011364	
0.63	0.207143	0.00011364	
0.65	0.207143	0.00011364	
0.67	0.207143	0.00011364	
0.69	0.207143	0.00011364	
0.71	0.207143	0.00011364	
0.73	0.207143	0.00011364	
0.75	0.207143	0.00011364	
0.77	0.207143	0.00011364	
0.79	0.207143	0.00011364	
0.81	0.207143	0.00011364	
0.83	0.207143	0.00011364	
0.85	0.207143	0.00011364	
0.87	0.207143	0.00011364	
0.89	0.207143	0.00011364	
0.91	0.207143	0.00011364	
0.93	0.207143	0.00011364	
0.95	0.207143	0.00011364	
0.97	0.207143	0.00011364	
0.99	0.207143	0.00011364	
1.01	0.207143	0.00011364	
1.03	0.207143	0.00011364	
1.05	0.207143	0.00011364	
1.07	0.207143	0.00011364	
1.09	0.207143	0.00011364	
0.01	0.221429	0.0001511	
0.03	0.221429	0.0001511	
0.05	0.221429	0.0001511	
0.07	0.221429	0.0001511	
0.09	0.221429	0.0001511	
0.11	0.221429	0.0001511	
0.13	0.221429	0.0001511	
0.15	0.221429	0.0001511	
0.17	0.221429	0.0001511	
0.19	0.221429	0.0001511	
0.21	0.221429	0.0001511	
0.23	0.221429	0.0001511	
0.25	0.221429	0.0001511	
0.27	0.221429	0.0001511	
0.29	0.221429	0.0001511	
0.31	0.221429	0.0001511	
0.33	0.221429	0.0001511	
0.35	0.221429	0.0001511	
0.37	0.221429	0.0001511	
0.39	0.221429	0.0001511	
0.41	0.221429	0.0001511	
0.43	0.221429	0.0001511	
0.45	0.221429	0.0001511	
0.47	0.221429	0.0001511	
0.49	0.221429	0.0001511	
0.51	0.221429	0.00011364	
0.53	0.221429	0.00011364	
0.55	0.221429	0.00011364	
0.57	0.221429	0.00011364	
0.59	0.221429	0.00011364	
0.61	0.221429	0.00011364	
0.63	0.221429	0.00011364	
0.65	0.221429	0.00011364	
0.67	0.221429	0.00011364	
0.69	0.221429	0.00011364	
0.71	0.221429	0.00011364	
0.73	0.221429	0.00011364	
0.75	0.221429	0.00011364	
0.77	0.221429	0.00011364	
0.79	0.221429	0.00011364	
0.81	0.221429	0.00011364	
0.83	0.221429	0.00011364	
0.85	0.221429	0.00011364	
0.87	0.221429	0.00011364	
0.89	0.221429	0.00011364	
0.91	0.221429	0.00011364	
0.93	0.221429	0.00011364	
0.95	0.221429	0.00011364	
0.97	0.221429	0.00011364	
0.99	0.221429	0.00011364	
1.01	0.221429	0.00011364	
1.03	0.221429	0.00011364	
1.05	0.221429	0.00011364	
1.07	0.221429	0.00011364	
1.09	0.221429	0.00011364	
0.01	0.235714	0.0001511	
0.03	0.235714	0.0001511	
0.05	0.235714	0.0001511	
0.07	0.235714	0.0001511	
0.09	0.235714	0.0001511	
0.11	0.235714	0.0001511	
0.13	0.235714	0.0001511	
0.15	0.235714	0.0001511	
0.17	0.235714	0.0001511	
0.19	0.235714	0.0001511	
0.21	0.235714	0.0001511	
0.23	0.235714	0.0001511	
0.25	0.235714	0.0001511	
0.27	0.235714	0.0001511	
0.29	0.235714	0.0001511	
0.31	0.235714	0.0001511	
0.33	0.235714	0.0001511	
0.35	0.235714	0.0001511	
0.37	0.235714	0.0001511	
0.39	0.235714	0.0001511	
0.41	0.235714	0.0001511	
0.43	0.235714	0.0001511	
0.45	0.235714	0.0001511	
0.47	0.235714	0.0001511	
0.49	0.235714	0.0001511	
0.51	0.235714	0.00011364	
0.53	0.235714	0.00011364	
0.55	0.235714	0.00011364	
0.57	0.235714	0.00011364	
0.59	0.235714	0.00011364	
0.61	0.235714	0.00011364	
0.63	0.235714	0.00011364	
0.65	0.235714	0.00011364	
0.67	0.235714	0.00011364	
0.69	0.235714	0.00011364	
0.71	0.235714	0.00011364	
0.73	0.235714	0.00011364	
0.75	0.235714	0.00011364	
0.77	0.235714	0.00011364	
0.79	0.235714	0.00011364	
0.81	0.235714	0.00011364	
0.83	0.235714	0.00011364	
0.85	0.235714	0.00011364	
0.87	0.235714	0.00011364	
0.89	0.235714	0.00011364	
0.91	0.235714	0.00011364	
0.93	0.235714	0.00011364	
0.95	0.235714	0.00011364	
0.97	0.235714	0.00011364	
0.99	0.235714	0.00011364	
1.01	0.235714	0.00011364	
1.03	0.235714	0.00011364	
1.05	0.235714	0.00011364	
1.07	0.235714	0.00011364	
1.09	0.235714	0.00011364	
0.01	0.25	0.0001511	
0.03	0.25	0.0001511	
0.05	0.25	0.0001511	
0.07	0.25	0.0001511	
0.09	0.25	0.0001511	
0.11	0.25	0.0001511	
0.13	0.25	0.0001511	
0.15	0.25	0.0001511	
0.17	0.25	0.0001511	
0.19	0.25	0.0001511	
0.21	0.25	0.0001511	
0.23	0.25	0.0001511	
0.25	0.25	0.0001511	
0.27	0.25	0.0001511	
0.29	0.25	0.0001511	
0.31	0.25	0.0001511	
0.33	0.25	0.0001511	
0.35	0.25	0.0001511	
0.37	0.25	0.0001511	
0.39	0.25	0.0001511	
0.41	0.25	0.0001511	
0.43	0.25	0.0001511	
0.45	0.25	0.0001511	
0.47	0.25	0.0001511	
0.49	0.25	0.0001511	
0.51	0.25	0.00011364	
0.53	0.25	0.00011364	
0.55	0.25	0.00011364	
0.57	0.25	0.00011364	
0.59	0.25	0.00011364	
0.61	0.25	0.00011364	
0.63	0.25	0.00011364	
0.65	0.25	0.00011364	
0.67	0.25	0.00011364	
0.69	0.25	0.00011364	
0.71	0.25	0.00011364	
0.73	0.25	0.00011364	
0.75	0.25	0.00011364	
0.77	0.25	0.00011364	
0.79	0.25	0.00011364	
0.81	0.25	0.00011364	
0.83	0.25	0.00011364	
0.85	0.25	0.00011364	
0.87	0.25	0.00011364	
0.89	0.25	0.00011364	
0.91	0.25	0.00011364	
0.93	0.25	0.00011364	
0.95	0.25	0.00011364	
0.97	0.25	0.00011364	
0.99	0.25	0.00011364	
1.01	0.25	0.00011364	
1.03	0.25	0.00011364	
1.05	0.25	0.00011364	
1.07	0.25	0.00011364	
1.09	0.25	0.00011364	
0.01	0.264286	0.0001511	
0.03	0.264286	0.0001511	
0.05	0.264286	0.0001511	
0.07	0.264286	0.0001511	
0.09	0.264286	0.0001511	
0.11	0.264286	0.0001511	
0.13	0.264286	0.0001511	
0.15	0.264286	0.0001511	
0.17	0.264286	0.0001511	
0.19	0.264286	0.0001511	
0.21	0.264286	0.0001511	
0.23	0.264286	0.0001511	
0.25	0.264286	0.0001511	
0.27	0.264286	0.0001511	
0.29	0.264286	0.0001511	
0.31	0.264286	0.0001511	
0.33	0.264286	0.0001511	
0.35	0.264286	0.0001511	
0.37	0.264286	0.0001511	
0.39	0.264286	0.0001511	
0.41	0.264286	0.0001511	
0.43	0.264286	0.0001511	
0.45	0.264286	0.0001511	
0.47	0.264286	0.0001511	
0.49	0.264286	0.0001511	
0.51	0.264286	0.00011364	
0.53	0.264286	0.00011364	
0.55	0.264286	0.00011364	
0.57	0.264286	0.00011364	
0.59	0.264286	0.00011364	
0.61	0.264286	0.00011364	
0.63	0.264286	0.00011364	
0.65	0.264286	0.00011364	
0.67	0.264286	0.00011364	
0.69	0.264286	0.00011364	
0.71	0.264286	0.00011364	
0.73	0.264286	0.00011364	
0.75	0.264286	0.00011364	
0.77	0.264286	0.00011364	
0.79	0.264286	0.00011364	
0.81	0.264286	0.00011364	
0.83	0.264286	0.00011364	
0.85	0.264286	0.00011364	
0.87	0.264286	0.00011364	
0.89	0.264286	0.00011364	
0.91	0.264286	0.00011364	
0.93	0.264286	0.00011364	
0.95	0.264286	0.00011364	
0.97	0.264286	0.00011364	
0.99	0.264286	0.00011364	
1.01	0.264286	0.00011364	
1.03	0.264286	0.00011364	
1.05	0.264286	0.00011364	
1.07	0.264286	0.00011364	
1.09	0.264286	0.00011364	
0.01	0.278571	0.0001511	
0.03	0.278571	0.0001511	
0.05	0.278571	0.0001511	
0.07	0.278571	0.0001511	
0.09	0.278571	0.0001511	
0.11	0.278571	0.0001511	
0.13	0.278571	0.0001511	
0.15	0.278571	0.0001511	
0.17	0.278571	0.0001511	
0.19	0.278571	0.0001511	
0.21	0.278571	0.0001511	
0.23	0.278571	0.0001511	
0.25	0.278571	0.0001511	
0.27	0.278571	0.0001511	
0.29	0.278571	0.0001511	
0.31	0.278571	0.0001511	
0.33	0.278571	0.0001511	
0.35	0.278571	0.0001511	
0.37	0.278571	0.0001511	
0.39	0.278571	0.0001511	
0.41	0.278571	0.0001511	
0.43	0.278571	0.0001511	
0.45	0.278571	0.0001511	
0.47	0.278571	0.0001511	
0.49	0.278571	0.0001511	
0.51	0.278571	0.00011364	
0.53	0.278571	0.00011364	
0.55	0.278571	0.00011364	
0.57	0.278571	0.00011364	
0.59	0.278571	0.00011364	
0.61	0.278571	0.00011364	
0.63	0.278571	0.00011364	
0.65	0.278571	0.00011364	
0.67	0.278571	0.00011364	
0.69	0.278571	0.00011364	
0.71	0.278571	0.00011364	
0.73	0.278571	0.00011364	
0.75	0.278571	0.00011364	
0.77	0.278571	0.00011364	
0.79	0.278571	0.00011364	
0.81	0.278571	0.00011364	
0.83	0.278571	0.00011364	
0.85	0.278571	0.00011364	
0.87	0.278571	0.00011364	
0.89	0.278571	0.00011364	
0.91	0.278571	0.00011364	
0.93	0.278571	0.00011364	
0.95	0.278571	0.00011364	
0.97	0.278571	0.00011364	
0.99	0.278571	0.00011364	
1.01	0.278571	0.00011364	
1.03	0.278571	0.00011364	
1.05	0.278571	0.00011364	
1.07	0.278571	0.00011364	
1.09	0.278571	0.00011364	
0.01	0.292857	0.0001511	
0.03	0.292857	0.0001511	
0.05	0.292857	0.0001511	
0.07	0.292857	0.0001511	
0.09	0.292857	0.0001511	
0.11	0.292857	0.0001511	
0.13	0.292857	0.0001511	
0.15	0.292857	0.0001511	
0.17	0.292857	0.0001511	
0.19	0.292857	0.0001511	
0.21	0.292857	0.0001511	
0.23	0.292857	0.0001511	
0.25	0.292857	0.0001511	
0.27	0.292857	0.0001511	
0.29	0.292857	0.0001511	
0.31	0.292857	0.0001511	
0.33	0.292857	0.0001511	
0.35	0.292857	0.0001511	
0.37	0.292857	0.0001511	
0.39	0.292857	0.0001511	
0.41	0.292857	0.0001511	
0.43	0.292857	0.0001511	
0.45	0.292857	0.0001511	
0.47	0.292857	0.0001511	
0.49	0.292857	0.0001511	
0.51	0.292857	0.00011364	
0.53	0.292857	0.00011364	
0.55	0.292857	0.00011364	
0.57	0.292857	0.00011364	
0.59	0.292857	0.00011364	
0.61	0.292857	0.00011364	
0.63	0.292857	0.00011364	
0.65	0.292857	0.00011364	
0.67	0.292857	0.00011364	
0.69	0.292857	0.00011364	
0.71	0.292857	0.00011364	
0.73	0.292857	0.00011364	
0.75	0.292857	0.00011364	
0.77	0.292857	0.00011364	
0.79	0.292857	0.00011364	
0.81	0.292857	0.00011364	
0.83	0.292857	0.00011364	
0.85	0.292857	0.00011364	
0.87	0.292857	0.00011364	
0.89	0.292857	0.00011364	
0.91	0.292857	0.00011364	
0.93	0.292857	0.00011364	
0.95	0.292857	0.00011364	
0.97	0.292857	0.00011364	
0.99	0.292857	0.00011364	
1.01	0.292857	0.00011364	
1.03	0.292857	0.00011364	
1.05	0.292857	0.00011364	
1.07	0.292857	0.00011364	
1.09	0.292857	0.00011364	
0.01	0.307143	0.0001511	
0.03	0.307143	0.0001511	
0.05	0.307143	0.0001511	
0.07	0.307143	0.0001511	
0.09	0.307143	0.0001511	
0.11	0.307143	0.0001511	
0.13	0.307143	0.0001511	
0.15	0.307143	0.0001511	
0.17	0.307143	0.0001511	
0.19	0.307143	0.0001511	
0.21	0.307143	0.0001511	
0.23	0.307143	0.0001511	
0.25	0.307143	0.0001511	
0.27	0.307143	0.0001511	
0.29	0.307143	0.0001511	
0.31	0.307143	0.0001511	
0.33	0.307143	0.0001511	
0.35	0.307143	0.0001511	
0.37	0.307143	0.0001511	
0.39	0.307143	0.0001511	
0.41	0.307143	0.0001511	
0.43	0.307143	0.0001511	
0.45	0.307143	0.0001511	
0.47	0.307143	0.0001511	
0.49	0.307143	0.0001511	
0.51	0.307143	0.00011364	
0.53	0.307143	0.00011364	
0.55	0.307143	0.00011364	
0.57	0.307143	0.00011364	
0.59	0.307143	0.00011364	
0.61	0.307143	0.00011364	
0.63	0.307143	0.00011364	
0.65	0.307143	0.00011364	
0.67	0.307143	0.00011364	
0.69	0.307143	0.00011364	
0.71	0.307143	0.00011364	
0.73	0.307143	0.00011364	
0.75	0.307143	0.00011364	
0.77	0.307143	0.00011364	
0.79	0.307143	0.00011364	
0.81	0.307143	0.00011364	
0.83	0.307143	0.00011364	
0.85	0.307143	0.00011364	
0.87	0.307143	0.00011364	
0.89	0.307143	0.00011364	
0.91	0.307143	0.00011364	
0.93	0.307143	0.00011364	
0.95	0.307143	0.00011364	
0.97	0.307143	0.00011364	
0.99	0.307143	0.00011364	
1.01	0.307143	0.00011364	
1.03	0.307143	0.00011364	
1.05	0.307143	0.00011364	
1.07	0.307143	0.00011364	
1.09	0.307143	0.00011364	
0.01	0.321429	0.0001511	
0.03	0.321429	0.0001511	
0.05	0.321429	0.0001511	
0.07	0.321429	0.0001511	
0.09	0.321429	0.0001511	
0.11	0.321429	0.0001511	
0.13	0.321429	0.0001511	
0.15	0.321429	0.0001511	
0.17	0.321429	0.0001511	
0.19	0.321429	0.0001511	
0.21	0.321429	0.0001511	
0.23	0.321429	0.0001511	
0.25	0.321429	0.0001511	
0.27	0.321429	0.0001511	
0.29	0.321429	0.0001511	
0.31	0.321429	0.0001511	
0.33	0.321429	0.0001511	
0.35	0.321429	0.0001511	
0.37	0.321429	0.0001511	
0.39	0.321429	0.0001511	
0.41	0.321429	0.0001511	
0.43	0.321429	0.0001511	
0.45	0.321429	0.0001511	
0.47	0.321429	0.0001511	
0.49	0.321429	0.0001511	
0.51	0.321429	0.00011364	
0.53	0.321429	0.00011364	
0.55	0.321429	0.00011364	
0.57	0.321429	0.00011364	
0.59	0.321429	0.00011364	
0.61	0.321429	0.00011364	
0.63	0.321429	0.00011364	
0.65	0.321429	0.00011364	
0.67	0.321429	0.00011364	
0.69	0.321429	0.00011364	
0.71	0.321429	0.00011364	
0.73	0.321429	0.00011364	
0.75	0.321429	0.00011364	
0.77	0.321429	0.00011364	
0.79	0.321429	0.00011364	
0.81	0.321429	0.00011364	
0.83	0.321429	0.00011364	
0.85	0.321429	0.00011364	
0.87	0.321429	0.00011364	
0.89	0.321429	0.00011364	
0.91	0.321429	0.00011364	
0.93	0.321429	0.00011364	
0.95	0.321429	0.00011364	
0.97	0.321429	0.00011364	
0.99	0.321429	0.00011364	
1.01	0.321429	0.00011364	
1.03	0.321429	0.00011364	
1.05	0.321429	0.00011364	
1.07	0.321429	0.00011364	
1.09	0.321429	0.00011364	
0.01	0.335714	0.0001511	
0.03	0.335714	0.0001511	
0.05	0.335714	0.0001511	
0.07	0.335714	0.0001511	
0.09	0.335714	0.0001511	
0.11	0.335714	0.0001511	
0.13	0.335714	0.0001511	
0.15	0.335714	0.0001511	
0.17	0.335714	0.0001511	
0.19	0.335714	0.0001511	
0.21	0.335714	0.0001511	
0.23	0.335714	0.0001511	
0.25	0.335714	0.0001511	
0.27	0.335714	0.0001511	
0.29	0.335714	0.0001511	
0.31	0.335714	0.0001511	
0.33	0.335714	0.0001511	
0.35	0.335714	0.0001511	
0.37	0.335714	0.0001511	
0.39	0.335714	0.0001511	
0.41	0.335714	0.0001511	
0.43	0.335714	0.0001511	
0.45	0.335714	0.0001511	
0.47	0.335714	0.0001511	
0.49	0.335714	0.0001511	
0.51	0.335714	0.00011364	
0.53	0.335714	0.00011364	
0.55	0.335714	0.00011364	
0.57	0.335714	0.00011364	
0.59	0.335714	0.00011364	
0.61	0.335714	0.00011364	
0.63	0.335714	0.00011364	
0.65	0.335714	0.00011364	
0.67	0.335714	0.00011364	
0.69	0.335714	0.00011364	
0.71	0.335714	0.00011364	
0.73	0.335714	0.00011364	
0.75	0.335714	0.00011364	
0.77	0.335714	0.00011364	
0.79	0.335714	0.00011364	
0.81	0.335714	0.00011364	
0.83	0.335714	0.00011364	
0.85	0.335714	0.00011364	
0.87	0.335714	0.00011364	
0.89	0.335714	0.00011364	
0.91	0.335714	0.00011364	
0.93	0.335714	0.00011364	
0.95	0.335714	0.00011364	
0.97	0.335714	0.00011364	
0.99	0.335714	0.00011364	
1.01	0.335714	0.00011364	
1.03	0.335714	0.00011364	
1.05	0.335714	0.00011364	
1.07	0.335714	0.00011364	
1.09	0.335714	0.00011364	
0.01	0.35	0.0001511	
0.03	0.35	0.0001511	
0.05	0.35	0.0001511	
0.07	0.35	0.0001511	
0.09	0.35	0.0001511	
0.11	0.35	0.0001511	
0.13	0.35	0.0001511	
0.15	0.35	0.0001511	
0.17	0.35	0.0001511	
0.19	0.35	0.0001511	
0.21	0.35	0.0001511	
0.23	0.35	0.0001511	
0.25	0.35	0.0001511	
0.27	0.35	0.0001511	
0.29	0.35	0.0001511	
0.31	0.35	0.0001511	
0.33	0.35	0.0001511	
0.35	0.35	0.0001511	
0.37	0.35	0.0001511	
0.39	0.35	0.0001511	
0.41	0.35	0.0001511	
0.43	0.35	0.0001511	
0.45	0.35	0.0001511	
0.47	0.35	0.0001511	
0.49	0.35	0.0001511	
0.51	0.35	0.00011364	
0.53	0.35	0.00011364	
0.55	0.35	0.00011364	
0.57	0.35	0.00011364	
0.59	0.35	0.00011364	
0.61	0.35	0.00011364	
0.63	0.35	0.00011364	
0.65	0.35	0.00011364	
0.67	0.35	0.00011364	
0.69	0.35	0.00011364	
0.71	0.35	0.00011364	
0.73	0.35	0.00011364	
0.75	0.35	0.00011364	
0.77	0.35	0.00011364	
0.79	0.35	0.00011364	
0.81	0.35	0.00011364	
0.83	0.35	0.00011364	
0.85	0.35	0.00011364	
0.87	0.35	0.00011364	
0.89	0.35	0.00011364	
0.91	0.35	0.00011364	
0.93	0.35	0.00011364	
0.95	0.35	0.00011364	
0.97	0.35	0.00011364	
0.99	0.35	0.00011364	
1.01	0.35	0.00011364	
1.03	0.35	0.00011364	
1.05	0.35	0.00011364	
1.07	0.35	0.00011364	
1.09	0.35	0.00011364	
0.01	0.364286	0.0001511	
0.03	0.364286	0.0001511	
0.05	0.364286	0.0001511	
0.07	0.364286	0.0001511	
0.09	0.364286	0.0001511	
0.11	0.364286	0.0001511	
0.13	0.364286	0.0001511	
0.15	0.364286	0.0001511	
0.17	0.364286	0.0001511	
0.19	0.364286	0.0001511	
0.21	0.364286	0.0001511	
0.23	0.364286	0.0001511	
0.25	0.364286	0.0001511	
0.27	0.364286	0.0001511	
0.29	0.364286	0.0001511	
0.31	0.364286	0.0001511	
0.33	0.364286	0.0001511	
0.35	0.364286	0.0001511	
0.37	0.364286	0.0001511	
0.39	0.364286	0.0001511	
0.41	0.364286	0.0001511	
0.43	0.364286	0.0001511	
0.45	0.364286	0.0001511	
0.47	0.364286	0.0001511	
0.49	0.364286	0.0001511	
0.51	0.364286	0.00011364	
0.53	0.364286	0.00011364	
0.55	0.364286	0.00011364	
0.57	0.364286	0.00011364	
0.59	0.364286	0.00011364	
0.61	0.364286	0.00011364	
0.63	0.364286	0.00011364	
0.65	0.364286	0.00011364	
0.67	0.364286	0.00011364	
0.69	0.364286	0.00011364	
0.71	0.364286	0.00011364	
0.73	0.364286	0.00011364	
0.75	0.364286	0.00011364	
0.77	0.364286	0.00011364	
0.79	0.364286	0.00011364	
0.81	0.364286	0.00011364	
0.83	0.364286	0.00011364	
0.85	0.364286	0.00011364	
0.87	0.364286	0.00011364	
0.89	0.364286	0.00011364	
0.91	0.364286	0.00011364	
0.93	0.364286	0.00011364	
0.95	0.364286	0.00011364	
0.97	0.364286	0.00011364	
0.99	0.364286	0.00011364	
1.01	0.364286	0.00011364	
1.03	0.364286	0.00011364	
1.05	0.364286	0.00011364	
1.07	0.364286	0.00011364	
1.09	0.364286	0.00011364	
0.01	0.378571	0.0001511	
0.03	0.378571	0.0001511	
0.05	0.378571	0.0001511	
0.07	0.378571	0.0001511	
0.09	0.378571	0.0001511	
0.11	0.378571	0.0001511	
0.13	0.378571	0.0001511	
0.15	0.378571	0.0001511	
0.17	0.378571	0.0001511	
0.19	0.378571	0.0001511	
0.21	0.378571	0.0001511	
0.23	0.378571	0.0001511	
0.25	0.378571	0.0001511	
0.27	0.378571	0.0001511	
0.29	0.378571	0.0001511	
0.31	0.378571	0.0001511	
0.33	0.378571	0.0001511	
0.35	0.378571	0.0001511	
0.37	0.378571	0.0001511	
0.39	0.378571	0.0001511	
0.41	0.378571	0.0001511	
0.43	0.378571	0.0001511	
0.45	0.378571	0.0001511	
0.47	0.378571	0.0001511	
0.49	0.378571	0.0001511	
0.51	0.378571	0.00011364	
0.53	0.378571	0.00011364	
0.55	0.378571	0.00011364	
0.57	0.378571	0.00011364	
0.59	0.378571	0.00011364	
0.61	0.378571	0.00011364	
0.63	0.378571	0.00011364	
0.65	0.378571	0.00011364	
0.67	0.378571	0.00011364	
0.69	0.378571	0.00011364	
0.71	0.378571	0.00011364	
0.73	0.378571	0.00011364	
0.75	0.378571	0.00011364	
0.77	0.378571	0.00011364	
0.79	0.378571	0.00011364	
0.81	0.378571	0.00011364	
0.83	0.378571	0.00011364	
0.85	0.378571	0.00011364	
0.87	0.378571	0.00011364	
0.89	0.378571	0.00011364	
0.91	0.378571	0.00011364	
0.93	0.378571	0.00011364	
0.95	0.378571	0.00011364	
0.97	0.378571	0.00011364	
0.99	0.378571	0.00011364	
1.01	0.378571	0.00011364	
1.03	0.378571	0.00011364	
1.05	0.378571	0.00011364	
1.07	0.378571	0.00011364	
1.09	0.378571	0.00011364	
0.01	0.392857	0.0001511	
0.03	0.392857	0.0001511	
0.05	0.392857	0.0001511	
0.07	0.392857	0.0001511	
0.09	0.392857	0.0001511	
0.11	0.392857	0.0001511	
0.13	0.392857	0.0001511	
0.15	0.392857	0.0001511	
0.17	0.392857	0.0001511	
0.19	0.392857	0.0001511	
0.21	0.392857	0.0001511	
0.23	0.392857	0.0001511	
0.25	0.392857	0.0001511	
0.27	0.392857	0.0001511	
0.29	0.392857	0.0001511	
0.31	0.392857	0.0001511	
0.33	0.392857	0.0001511	
0.35	0.392857	0.0001511	
0.37	0.392857	0.0001511	
0.39	0.392857	0.0001511	
0.41	0.392857	0.0001511	
0.43	0.392857	0.0001511	
0.45	0.392857	0.0001511	
0.47	0.392857	0.0001511	
0.49	0.392857	0.0001511	
0.51	0.392857	0.00011364	
0.53	0.392857	0.00011364	
0.55	0.392857	0.00011364	
0.57	0.392857	0.00011364	
0.59	0.392857	0.00011364	
0.61	0.392857	0.00011364	
0.63	0.392857	0.00011364	
0.65	0.392857	0.00011364	
0.67	0.392857	0.00011364	
0.69	0.392857	0.00011364	
0.71	0.392857	0.00011364	
0.73	0.392857	0.00011364	
0.75	0.392857	0.00011364	
0.77	0.392857	0.00011364	
0.79	0.392857	0.00011364	
0.81	0.392857	0.00011364	
0.83	0.392857	0.00011364	
0.85	0.392857	0.00011364	
0.87	0.392857	0.00011364	
0.89	0.392857	0.00011364	
0.91	0.392857	0.00011364	
0.93	0.392857	0.00011364	
0.95	0.392857	0.00011364	
0.97	0.392857	0.00011364	
0.99	0.392857	0.00011364	
1.01	0.392857	0.00011364	
1.03	0.392857	0.00011364	
1.05	0.392857	0.00011364	
1.07	0.392857	0.00011364	
1.09	0.392857	0.00011364	
0.01	0.407143	6.0215e-05	
0.03	0.407143	6.0215e-05	
0.05	0.407143	6.0215e-05	
0.07	0.407143	6.0215e-05	
0.09	0.407143	6.0215e-05	
0.11	0.407143	6.0215e-05	
0.13	0.407143	6.0215e-05	
0.15	0.407143	6.0215e-05	
0.17	0.407143	6.0215e-05	
0.19	0.407143	6.0215e-05	
0.21	0.407143	6.0215e-05	
0.23	0.407143	6.0215e-05	
0.25	0.407143	6.0215e-05	
0.27	0.407143	6.0215e-05	
0.29	0.407143	6.0215e-05	
0.31	0.407143	6.0215e-05	
0.33	0.407143	6.0215e-05	
0.35	0.407143	6.0215e-05	
0.37	0.407143	6.0215e-05	
0.39	0.407143	6.0215e-05	
0.41	0.407143	6.0215e-05	
0.43	0.407143	6.0215e-05	
0.45	0.407143	6.0215e-05	
0.47	0.407143	6.0215e-05	
0.49	0.407143	6.0215e-05	
0.51	0.407143	0.00011364	
0.53	0.407143	0.00011364	
0.55	0.407143	0.00011364	
0.57	0.407143	0.00011364	
0.59	0.407143	0.00011364	
0.61	0.407143	0.00011364	
0.63	0.407143	0.00011364	
0.65	0.407143	0.00011364	
0.67	0.407143	0.00011364	
0.69	0.407143	0.00011364	
0.71	0.407143	0.00011364	
0.73	0.407143	0.00011364	
0.75	0.407143	0.00011364	
0.77	0.407143	0.00011364	
0.79	0.407143	0.00011364	
0.81	0.407143	0.00011364	
0.83	0.407143	0.00011364	
0.85	0.407143	0.00011364	
0.87	0.407143	0.00011364	
0.89	0.407143	0.00011364	
0.91	0.407143	0.00011364	
0.93	0.407143	0.00011364	
0.95	0.407143	0.00011364	
0.97	0.407143	0.00011364	
0.99	0.407143	0.00011364	
1.01	0.407143	0.00011364	
1.03	0.407143	0.00011364	
1.05	0.407143	0.00011364	
1.07	0.407143	0.00011364	
1.09	0.407143	0.00011364	
0.01	0.421429	6.0215e-05	
0.03	0.421429	6.0215e-05	
0.05	0.421429	6.0215e-05	
0.07	0.421429	6.0215e-05	
0.09	0.421429	6.0215e-05	
0.11	0.421429	6.0215e-05	
0.13	0.421429	6.0215e-05	
0.15	0.421429	6.0215e-05	
0.17	0.421429	6.0215e-05	
0.19	0.421429	6.0215e-05	
0.21	0.421429	6.0215e-05	
0.23	0.421429	6.0215e-05	
0.25	0.421429	6.0215e-05	
0.27	0.421429	6.0215e-05	
0.29	0.421429	6.0215e-05	
0.31	0.421429	6.0215e-05	
0.33	0.421429	6.0215e-05	
0.35	0.421429	6.0215e-05	
0.37	0.421429	6.0215e-05	
0.39	0.421429	6.0215e-05	
0.41	0.421429	6.0215e-05	
0.43	0.421429	6.0215e-05	
0.45	0.421429	6.0215e-05	
0.47	0.421429	6.0215e-05	
0.49	0.421429	6.0215e-05	
0.51	0.421429	0.00011364	
0.53	0.421429	0.00011364	
0.55	0.421429	0.00011364	
0.57	0.421429	0.00011364	
0.59	0.421429	0.00011364	
0.61	0.421429	0.00011364	
0.63	0.421429	0.00011364	
0.65	0.421429	0.00011364	
0.67	0.421429	0.00011364	
0.69	0.421429	0.00011364	
0.71	0.421429	0.00011364	
0.73	0.421429	0.00011364	
0.75	0.421429	0.00011364	
0.77	0.421429	0.00011364	
0.79	0.421429	0.00011364	
0.81	0.421429	0.00011364	
0.83	0.421429	0.00011364	
0.85	0.421429	0.00011364	
0.87	0.421429	0.00011364	
0.89	0.421429	0.00011364	
0.91	0.421429	0.00011364	
0.93	0.421429	0.00011364	
0.95	0.421429	0.00011364	
0.97	0.421429	0.00011364	
0.99	0.421429	0.00011364	
1.01	0.421429	0.00011364	
1.03	0.421429	0.00011364	
1.05	0.421429	0.00011364	
1.07	0.421429	0.00011364	
1.09	0.421429	0.00011364	
0.01	0.435714	6.0215e-05	
0.03	0.435714	6.0215e-05	
0.05	0.435714	6.0215e-05	
0.07	0.435714	6.0215e-05	
0.09	0.435714	6.0215e-05	
0.11	0.435714	6.0215e-05	
0.13	0.435714	6.0215e-05	
0.15	0.435714	6.0215e-05	
0.17	0.435714	6.0215e-05	
0.19	0.435714	6.0215e-05	
0.21	0.435714	6.0215e-05	
0.23	0.435714	6.0215e-05	
0.25	0.435714	6.0215e-05	
0.27	0.435714	6.0215e-05	
0.29	0.435714	6.0215e-05	
0.31	0.435714	6.0215e-05	
0.33	0.435714	6.0215e-05	
0.35	0.435714	6.0215e-05	
0.37	0.435714	6.0215e-05	
0.39	0.435714	6.0215e-05	
0.41	0.435714	6.0215e-05	
0.43	0.435714	6.0215e-05	
0.45	0.435714	6.0215e-05	
0.47	0.435714	6.0215e-05	
0.49	0.435714	6.0215e-05	
0.51	0.435714	0.00011364	
0.53	0.435714	0.00011364	
0.55	0.435714	0.00011364	
0.57	0.435714	0.00011364	
0.59	0.435714	0.00011364	
0.61	0.435714	0.00011364	
0.63	0.435714	0.00011364	
0.65	0.435714	0.00011364	
0.67	0.435714	0.00011364	
0.69	0.435714	0.00011364	
0.71	0.435714	0.00011364	
0.73	0.435714	0.00011364	
0.75	0.435714	0.00011364	
0.77	0.435714	0.00011364	
0.79	0.435714	0.00011364	
0.81	0.435714	0.00011364	
0.83	0.435714	0.00011364	
0.85	0.435714	0.00011364	
0.87	0.435714	0.00011364	
0.89	0.435714	0.00011364	
0.91	0.435714	0.00011364	
0.93	0.435714	0.00011364	
0.95	0.435714	0.00011364	
0.97	0.435714	0.00011364	
0.99	0.435714	0.00011364	
1.01	0.435714	0.00011364	
1.03	0.435714	0.00011364	
1.05	0.435714	0.00011364	
1.07	0.435714	0.00011364	
1.09	0.435714	0.00011364	
0.01	0.45	6.0215e-05	
0.03	0.45	6.0215e-05	
0.05	0.45	6.0215e-05	
0.07	0.45	6.0215e-05	
0.09	0.45	6.0215e-05	
0.11	0.45	6.0215e-05	
0.13	0.45	6.0215e-05	
0.15	0.45	6.0215e-05	
0.17	0.45	6.0215e-05	
0.19	0.45	6.0215e-05	
0.21	0.45	6.0215e-05	
0.23	0.45	6.0215e-05	
0.25	0.45	6.0215e-05	
0.27	0.45	6.0215e-05	
0.29	0.45	6.0215e-05	
0.31	0.45	6.0215e-05	
0.33	0.45	6.0215e-05	
0.35	0.45	6.0215e-05	
0.37	0.45	6.0215e-05	
0.39	0.45	6.0215e-05	
0.41	0.45	6.0215e-05	
0.43	0.45	6.0215e-05	
0.45	0.45	6.0215e-05	
0.47	0.45	6.0215e-05	
0.49	0.45	6.0215e-05	
0.51	0.45	0.00011364	
0.53	0.45	0.00011364	
0.55	0.45	0.00011364	
0.57	0.45	0.00011364	
0.59	0.45	0.00011364	
0.61	0.45	0.00011364	
0.63	0.45	0.00011364	
0.65	0.45	0.00011364	
0.67	0.45	0.00011364	
0.69	0.45	0.00011364	
0.71	0.45	0.00011364	
0.73	0.45	0.00011364	
0.75	0.45	0.00011364	
0.77	0.45	0.00011364	
0.79	0.45	0.00011364	
0.81	0.45	0.00011364	
0.83	0.45	0.00011364	
0.85	0.45	0.00011364	
0.87	0.45	0.00011364	
0.89	0.45	0.00011364	
0.91	0.45	0.00011364	
0.93	0.45	0.00011364	
0.95	0.45	0.00011364	
0.97	0.45	0.00011364	
0.99	0.45	0.00011364	
1.01	0.45	0.00011364	
1.03	0.45	0.00011364	
1.05	0.45	0.00011364	
1.07	0.45	0.00011364	
1.09	0.45	0.00011364	
0.01	0.464286	6.0215e-05	
0.03	0.464286	6.0215e-05	
0.05	0.464286	6.0215e-05	
0.07	0.464286	6.0215e-05	
0.09	0.464286	6.0215e-05	
0.11	0.464286	6.0215e-05	
0.13	0.464286	6.0215e-05	
0.15	0.464286	6.0215e-05	
0.17	0.464286	6.0215e-05	
0.19	0.464286	6.0215e-05	
0.21	0.464286	6.0215e-05	
0.23	0.464286	6.0215e-05	
0.25	0.464286	6.0215e-05	
0.27	0.464286	6.0215e-05	
0.29	0.464286	6.0215e-05	
0.31	0.464286	6.0215e-05	
0.33	0.464286	6.0215e-05	
0.35	0.464286	6.0215e-05	
0.37	0.464286	6.0215e-05	
0.39	0.464286	6.0215e-05	
0.41	0.464286	6.0215e-05	
0.43	0.464286	6.0215e-05	
0.45	0.464286	6.0215e-05	
0.47	0.464286	6.0215e-05	
0.49	0.464286	6.0215e-05	
0.51	0.464286	0.00011364	
0.53	0.464286	0.00011364	
0.55	0.464286	0.00011364	
0.57	0.464286	0.00011364	
0.59	0.464286	0.00011364	
0.61	0.464286	0.00011364	
0.63	0.464286	0.00011364	
0.65	0.464286	0.00011364	
0.67	0.464286	0.00011364	
0.69	0.464286	0.00011364	
0.71	0.464286	0.00011364	
0.73	0.464286	0.00011364	
0.75	0.464286	0.00011364	
0.77	0.464286	0.00011364	
0.79	0.464286	0.00011364	
0.81	0.464286	0.00011364	
0.83	0.464286	0.00011364	
0.85	0.464286	0.00011364	
0.87	0.464286	0.00011364	
0.89	0.464286	0.00011364	
0.91	0.464286	0.00011364	
0.93	0.464286	0.00011364	
0.95	0.464286	0.00011364	
0.97	0.464286	0.00011364	
0.99	0.464286	0.00011364	
1.01	0.464286	0.00011364	
1.03	0.464286	0.00011364	
1.05	0.464286	0.00011364	
1.07	0.464286	0.00011364	
1.09	0.464286	0.00011364	
0.01	0.478571	6.0215e-05	
0.03	0.478571	6.0215e-05	
0.05	0.478571	6.0215e-05	
0.07	0.478571	6.0215e-05	
0.09	0.478571	6.0215e-05	
0.11	0.478571	6.0215e-05	
0.13	0.478571	6.0215e-05	
0.15	0.478571	6.0215e-05	
0.17	0.478571	6.0215e-05	
0.19	0.478571	6.0215e-05	
0.21	0.478571	6.0215e-05	
0.23	0.478571	6.0215e-05	
0.25	0.478571	6.0215e-05	
0.27	0.478571	6.0215e-05	
0.29	0.478571	6.0215e-05	
0.31	0.478571	6.0215e-05	
0.33	0.478571	6.0215e-05	
0.35	0.478571	6.0215e-05	
0.37	0.478571	6.0215e-05	
0.39	0.478571	6.0215e-05	
0.41	0.478571	6.0215e-05	
0.43	0.478571	6.0215e-05	
0.45	0.478571	6.0215e-05	
0.47	0.478571	6.0215e-05	
0.49	0.478571	6.0215e-05	
0.51	0.478571	0.00011364	
0.53	0.478571	0.00011364	
0.55	0.478571	0.00011364	
0.57	0.478571	0.00011364	
0.59	0.478571	0.00011364	
0.61	0.478571	0.00011364	
0.63	0.478571	0.00011364	
0.65	0.478571	0.00011364	
0.67	0.478571	0.00011364	
0.69	0.478571	0.00011364	
0.71	0.478571	0.00011364	
0.73	0.478571	0.00011364	
0.75	0.478571	0.00011364	
0.77	0.478571	0.00011364	
0.79	0.478571	0.00011364	
0.81	0.478571	0.00011364	
0.83	0.478571	0.00011364	
0.85	0.478571	0.00011364	
0.87	0.478571	0.00011364	
0.89	0.478571	0.00011364	
0.91	0.478571	0.00011364	
0.93	0.478571	0.00011364	
0.95	0.478571	0.00011364	
0.97	0.478571	0.00011364	
0.99	0.478571	0.00011364	
1.01	0.478571	0.00011364	
1.03	0.478571	0.00011364	
1.05	0.478571	0.00011364	
1.07	0.478571	0.00011364	
1.09	0.478571	0.00011364	
0.01	0.492857	6.0215e-05	
0.03	0.492857	6.0215e-05	
0.05	0.492857	6.0215e-05	
0.07	0.492857	6.0215e-05	
0.09	0.492857	6.0215e-05	
0.11	0.492857	6.0215e-05	
0.13	0.492857	6.0215e-05	
0.15	0.492857	6.0215e-05	
0.17	0.492857	6.0215e-05	
0.19	0.492857	6.0215e-05	
0.21	0.492857	6.0215e-05	
0.23	0.492857	6.0215e-05	
0.25	0.492857	6.0215e-05	
0.27	0.492857	6.0215e-05	
0.29	0.492857	6.0215e-05	
0.31	0.492857	6.0215e-05	
0.33	0.492857	6.0215e-05	
0.35	0.492857	6.0215e-05	
0.37	0.492857	6.0215e-05	
0.39	0.492857	6.0215e-05	
0.41	0.492857	6.0215e-05	
0.43	0.492857	6.0215e-05	
0.45	0.492857	6.0215e-05	
0.47	0.492857	6.0215e-05	
0.49	0.492857	6.0215e-05	
0.51	0.492857	0.00011364	
0.53	0.492857	0.00011364	
0.55	0.492857	0.00011364	
0.57	0.492857	0.00011364	
0.59	0.492857	0.00011364	
0.61	0.492857	0.00011364	
0.63	0.492857	0.00011364	
0.65	0.492857	0.00011364	
0.67	0.492857	0.00011364	
0.69	0.492857	0.00011364	
0.71	0.492857	0.00011364	
0.73	0.492857	0.00011364	
0.75	0.492857	0.00011364	
0.77	0.492857	0.00011364	
0.79	0.492857	0.00011364	
0.81	0.492857	0.00011364	
0.83	0.492857	0.00011364	
0.85	0.492857	0.00011364	
0.87	0.492857	0.00011364	
0.89	0.492857	0.00011364	
0.91	0.492857	0.00011364	
0.93	0.492857	0.00011364	
0.95	0.492857	0.00011364	
0.97	0.492857	0.00011364	
0.99	0.492857	0.00011364	
1.01	0.492857	0.00011364	
1.03	0.492857	0.00011364	
1.05	0.492857	0.00011364	
1.07	0.492857	0.00011364	
1.09	0.492857	0.00011364	
0.01	0.507143	6.0215e-05	
0.03	0.507143	6.0215e-05	
0.05	0.507143	6.0215e-05	
0.07	0.507143	6.0215e-05	
0.09	0.507143	6.0215e-05	
0.11	0.507143	6.0215e-05	
0.13	0.507143	6.0215e-05	
0.15	0.507143	6.0215e-05	
0.17	0.507143	6.0215e-05	
0.19	0.507143	6.0215e-05	
0.21	0.507143	6.0215e-05	
0.23	0.507143	6.0215e-05	
0.25	0.507143	6.0215e-05	
0.27	0.507143	6.0215e-05	
0.29	0.507143	6.0215e-05	
0.31	0.507143	6.0215e-05	
0.33	0.507143	6.0215e-05	
0.35	0.507143	6.0215e-05	
0.37	0.507143	6.0215e-05	
0.39	0.507143	6.0215e-05	
0.41	0.507143	6.0215e-05	
0.43	0.507143	6.0215e-05	
0.45	0.507143	6.0215e-05	
0.47	0.507143	6.0215e-05	
0.49	0.507143	6.0215e-05	
0.51	0.507143	0.00011364	
0.53	0.507143	0.00011364	
0.55	0.507143	0.00011364	
0.57	0.507143	0.00011364	
0.59	0.507143	0.00011364	
0.61	0.507143	0.00011364	
0.63	0.507143	0.00011364	
0.65	0.507143	0.00011364	
0.67	0.507143	0.00011364	
0.69	0.507143	0.00011364	
0.71	0.507143	0.00011364	
0.73	0.507143	0.00011364	
0.75	0.507143	0.00011364	
0.77	0.507143	0.00011364	
0.79	0.507143	0.00011364	
0.81	0.507143	0.00011364	
0.83	0.507143	0.00011364	
0.85	0.507143	0.00011364	
0.87	0.507143	0.00011364	
0.89	0.507143	0.00011364	
0.91	0.507143	0.00011364	
0.93	0.507143	0.00011364	
0.95	0.507143	0.00011364	
0.97	0.507143	0.00011364	
0.99	0.507143	0.00011364	
1.01	0.507143	0.00011364	
1.03	0.507143	0.00011364	
1.05	0.507143	0.00011364	
1.07	0.507143	0.00011364	
1.09	0.507143	0.00011364	
0.01	0.521429	6.0215e-05	
0.03	0.521429	6.0215e-05	
0.05	0.521429	6.0215e-05	
0.07	0.521429	6.0215e-05	
0.09	0.521429	6.0215e-05	
0.11	0.521429	6.0215e-05	
0.13	0.521429	6.0215e-05	
0.15	0.521429	6.0215e-05	
0.17	0.521429	6.0215e-05	
0.19	0.521429	6.0215e-05	
0.21	0.521429	6.0215e-05	
0.23	0.521429	6.0215e-05	
0.25	0.521429	6.0215e-05	
0.27	0.521429	6.0215e-05	
0.29	0.521429	6.0215e-05	
0.31	0.521429	6.0215e-05	
0.33	0.521429	6.0215e-05	
0.35	0.521429	6.0215e-05	
0.37	0.521429	6.0215e-05	
0.39	0.521429	6.0215e-05	
0.41	0.521429	6.0215e-05	
0.43	0.521429	6.0215e-05	
0.45	0.521429	6.0215e-05	
0.47	0.521429	6.0215e-05	
0.49	0.521429	6.0215e-05	
0.51	0.521429	0.00011364	
0.53	0.521429	0.00011364	
0.55	0.521429	0.00011364	
0.57	0.521429	0.00011364	
0.59	0.521429	0.00011364	
0.61	0.521429	0.00011364	
0.63	0.521429	0.00011364	
0.65	0.521429	0.00011364	
0.67	0.521429	0.00011364	
0.69	0.521429	0.00011364	
0.71	0.521429	0.00011364	
0.73	0.521429	0.00011364	
0.75	0.521429	0.00011364	
0.77	0.521429	0.00011364	
0.79	0.521429	0.00011364	
0.81	0.521429	0.00011364	
0.83	0.521429	0.00011364	
0.85	0.521429	0.00011364	
0.87	0.521429	0.00011364	
0.89	0.521429	0.00011364	
0.91	0.521429	0.00011364	
0.93	0.521429	0.00011364	
0.95	0.521429	0.00011364	
0.97	0.521429	0.00011364	
0.99	0.521429	0.00011364	
1.01	0.521429	0.00011364	
1.03	0.521429	0.00011364	
1.05	0.521429	0.00011364	
1.07	0.521429	0.00011364	
1.09	0.521429	0.00011364	
0.01	0.535714	6.0215e-05	
0.03	0.535714	6.0215e-05	
0.05	0.535714	6.0215e-05	
0.07	0.535714	6.0215e-05	
0.09	0.535714	6.0215e-05	
0.11	0.535714	6.0215e-05	
0.13	0.535714	6.0215e-05	
0.15	0.535714	6.0215e-05	
0.17	0.535714	6.0215e-05	
0.19	0.535714	6.0215e-05	
0.21	0.535714	6.0215e-05	
0.23	0.535714	6.0215e-05	
0.25	0.535714	6.0215e-05	
0.27	0.535714	6.0215e-05	
0.29	0.535714	6.0215e-05	
0.31	0.535714	6.0215e-05	
0.33	0.535714	6.0215e-05	
0.35	0.535714	6.0215e-05	
0.37	0.535714	6.0215e-05	
0.39	0.535714	6.0215e-05	
0.41	0.535714	6.0215e-05	
0.43	0.535714	6.0215e-05	
0.45	0.535714	6.0215e-05	
0.47	0.535714	6.0215e-05	
0.49	0.535714	6.0215e-05	
0.51	0.535714	0.00011364	
0.53	0.535714	0.00011364	
0.55	0.535714	0.00011364	
0.57	0.535714	0.00011364	
0.59	0.535714	0.00011364	
0.61	0.535714	0.00011364	
0.63	0.535714	0.00011364	
0.65	0.535714	0.00011364	
0.67	0.535714	0.00011364	
0.69	0.535714	0.00011364	
0.71	0.535714	0.00011364	
0.73	0.535714	0.00011364	
0.75	0.535714	0.00011364	
0.77	0.535714	0.00011364	
0.79	0.535714	0.00011364	
0.81	0.535714	0.00011364	
0.83	0.535714	0.00011364	
0.85	0.535714	0.00011364	
0.87	0.535714	0.00011364	
0.89	0.535714	0.00011364	
0.91	0.535714	0.00011364	
0.93	0.535714	0.00011364	
0.95	0.535714	0.00011364	
0.97	0.535714	0.00011364	
0.99	0.535714	0.00011364	
1.01	0.535714	0.00011364	
1.03	0.535714	0.00011364	
1.05	0.535714	0.00011364	
1.07	0.535714	0.00011364	
1.09	0.535714	0.00011364	
0.01	0.55	6.0215e-05	
0.03	0.55	6.0215e-05	
0.05	0.55	6.0215e-05	
0.07	0.55	6.0215e-05	
0.09	0.55	6.0215e-05	
0.11	0.55	6.0215e-05	
0.13	0.55	6.0215e-05	
0.15	0.55	6.0215e-05	
0.17	0.55	6.0215e-05	
0.19	0.55	6.0215e-05	
0.21	0.55	6.0215e-05	
0.23	0.55	6.0215e-05	
0.25	0.55	6.0215e-05	
0.27	0.55	6.0215e-05	
0.29	0.55	6.0215e-05	
0.31	0.55	6.0215e-05	
0.33	0.55	6.0215e-05	
0.35	0.55	6.0215e-05	
0.37	0.55	6.0215e-05	
0.39	0.55	6.0215e-05	
0.41	0.55	6.0215e-05	
0.43	0.55	6.0215e-05	
0.45	0.55	6.0215e-05	
0.47	0.55	6.0215e-05	
0.49	0.55	6.0215e-05	
0.51	0.55	0.00011364	
0.53	0.55	0.00011364	
0.55	0.55	0.00011364	
0.57	0.55	0.00011364	
0.59	0.55	0.00011364	
0.61	0.55	0.00011364	
0.63	0.55	0.00011364	
0.65	0.55	0.00011364	
0.67	0.55	0.00011364	
0.69	0.55	0.00011364	
0.71	0.55	0.00011364	
0.73	0.55	0.00011364	
0.75	0.55	0.00011364	
0.77	0.55	0.00011364	
0.79	0.55	0.00011364	
0.81	0.55	0.00011364	
0.83	0.55	0.00011364	
0.85	0.55	0.00011364	
0.87	0.55	0.00011364	
0.89	0.55	0.00011364	
0.91	0.55	0.00011364	
0.93	0.55	0.00011364	
0.95	0.55	0.00011364	
0.97	0.55	0.00011364	
0.99	0.55	0.00011364	
1.01	0.55	0.00011364	
1.03	0.55	0.00011364	
1.05	0.55	0.00011364	
1.07	0.55	0.00011364	
1.09	0.55	0.00011364	
0.01	0.564286	6.0215e-05	
0.03	0.564286	6.0215e-05	
0.05	0.564286	6.0215e-05	
0.07	0.564286	6.0215e-05	
0.09	0.564286	6.0215e-05	
0.11	0.564286	6.0215e-05	
0.13	0.564286	6.0215e-05	
0.15	0.564286	6.0215e-05	
0.17	0.564286	6.0215e-05	
0.19	0.564286	6.0215e-05	
0.21	0.564286	6.0215e-05	
0.23	0.564286	6.0215e-05	
0.25	0.564286	6.0215e-05	
0.27	0.564286	6.0215e-05	
0.29	0.564286	6.0215e-05	
0.31	0.564286	6.0215e-05	
0.33	0.564286	6.0215e-05	
0.35	0.564286	6.0215e-05	
0.37	0.564286	6.0215e-05	
0.39	0.564286	6.0215e-05	
0.41	0.564286	6.0215e-05	
0.43	0.564286	6.0215e-05	
0.45	0.564286	6.0215e-05	
0.47	0.564286	6.0215e-05	
0.49	0.564286	6.0215e-05	
0.51	0.564286	0.00011364	
0.53	0.564286	0.00011364	
0.55	0.564286	0.00011364	
0.57	0.564286	0.00011364	
0.59	0.564286	0.00011364	
0.61	0.564286	0.00011364	
0.63	0.564286	0.00011364	
0.65	0.564286	0.00011364	
0.67	0.564286	0.00011364	
0.69	0.564286	0.00011364	
0.71	0.564286	0.00011364	
0.73	0.564286	0.00011364	
0.75	0.564286	0.00011364	
0.77	0.564286	0.00011364	
0.79	0.564286	0.00011364	
0.81	0.564286	0.00011364	
0.83	0.564286	0.00011364	
0.85	0.564286	0.00011364	
0.87	0.564286	0.00011364	
0.89	0.564286	0.00011364	
0.91	0.564286	0.00011364	
0.93	0.564286	0.00011364	
0.95	0.564286	0.00011364	
0.97	0.564286	0.00011364	
0.99	0.564286	0.00011364	
1.01	0.564286	0.00011364	
1.03	0.564286	0.00011364	
1.05	0.564286	0.00011364	
1.07	0.564286	0.00011364	
1.09	0.564286	0.00011364	
0.01	0.578571	6.0215e-05	
0.03	0.578571	6.0215e-05	
0.05	0.578571	6.0215e-05	
0.07	0.578571	6.0215e-05	
0.09	0.578571	6.0215e-05	
0.11	0.578571	6.0215e-05	
0.13	0.578571	6.0215e-05	
0.15	0.578571	6.0215e-05	
0.17	0.578571	6.0215e-05	
0.19	0.578571	6.0215e-05	
0.21	0.578571	6.0215e-05	
0.23	0.578571	6.0215e-05	
0.25	0.578571	6.0215e-05	
0.27	0.578571	6.0215e-05	
0.29	0.578571	6.0215e-05	
0.31	0.578571	6.0215e-05	
0.33	0.578571	6.0215e-05	
0.35	0.578571	6.0215e-05	
0.37	0.578571	6.0215e-05	
0.39	0.578571	6.0215e-05	
0.41	0.578571	6.0215e-05	
0.43	0.578571	6.0215e-05	
0.45	0.578571	6.0215e-05	
0.47	0.578571	6.0215e-05	
0.49	0.578571	6.0215e-05	
0.51	0.578571	0.00011364	
0.53	0.578571	0.00011364	
0.55	0.578571	0.00011364	
0.57	0.578571	0.00011364	
0.59	0.578571	0.00011364	
0.61	0.578571	0.00011364	
0.63	0.578571	0.00011364	
0.65	0.578571	0.00011364	
0.67	0.578571	0.00011364	
0.69	0.578571	0.00011364	
0.71	0.578571	0.00011364	
0.73	0.578571	0.00011364	
0.75	0.578571	0.00011364	
0.77	0.578571	0.00011364	
0.79	0.578571	0.00011364	
0.81	0.578571	0.00011364	
0.83	0.578571	0.00011364	
0.85	0.578571	0.00011364	
0.87	0.578571	0.00011364	
0.89	0.578571	0.00011364	
0.91	0.578571	0.00011364	
0.93	0.578571	0.00011364	
0.95	0.578571	0.00011364	
0.97	0.578571	0.00011364	
0.99	0.578571	0.00011364	
1.01	0.578571	0.00011364	
1.03	0.578571	0.00011364	
1.05	0.578571	0.00011364	
1.07	0.578571	0.00011364	
1.09	0.578571	0.00011364	
0.01	0.592857	6.0215e-05	
0.03	0.592857	6.0215e-05	
0.05	0.592857	6.0215e-05	
0.07	0.592857	6.0215e-05	
0.09	0.592857	6.0215e-05	
0.11	0.592857	6.0215e-05	
0.13	0.592857	6.0215e-05	
0.15	0.592857	6.0215e-05	
0.17	0.592857	6.0215e-05	
0.19	0.592857	6.0215e-05	
0.21	0.592857	6.0215e-05	
0.23	0.592857	6.0215e-05	
0.25	0.592857	6.0215e-05	
0.27	0.592857	6.0215e-05	
0.29	0.592857	6.0215e-05	
0.31	0.592857	6.0215e-05	
0.33	0.592857	6.0215e-05	
0.35	0.592857	6.0215e-05	
0.37	0.592857	6.0215e-05	
0.39	0.592857	6.0215e-05	
0.41	0.592857	6.0215e-05	
0.43	0.592857	6.0215e-05	
0.45	0.592857	6.0215e-05	
0.47	0.592857	6.0215e-05	
0.49	0.592857	6.0215e-05	
0.51	0.592857	0.00011364	
0.53	0.592857	0.00011364	
0.55	0.592857	0.00011364	
0.57	0.592857	0.00011364	
0.59	0.592857	0.00011364	
0.61	0.592857	0.00011364	
0.63	0.592857	0.00011364	
0.65	0.592857	0.00011364	
0.67	0.592857	0.00011364	
0.69	0.592857	0.00011364	
0.71	0.592857	0.00011364	
0.73	0.592857	0.00011364	
0.75	0.592857	0.00011364	
0.77	0.592857	0.00011364	
0.79	0.592857	0.00011364	
0.81	0.592857	0.00011364	
0.83	0.592857	0.00011364	
0.85	0.592857	0.00011364	
0.87	0.592857	0.00011364	
0.89	0.592857	0.00011364	
0.91	0.592857	0.00011364	
0.93	0.592857	0.00011364	
0.95	0.592857	0.00011364	
0.97	0.592857	0.00011364	
0.99	0.592857	0.00011364	
1.01	0.592857	0.00011364	
1.03	0.592857	0.00011364	
1.05	0.592857	0.00011364	
1.07	0.592857	0.00011364	
1.09	0.592857	0.00011364	
0.01	0.607143	6.0215e-05	
0.03	0.607143	6.0215e-05	
0.05	0.607143	6.0215e-05	
0.07	0.607143	6.0215e-05	
0.09	0.607143	6.0215e-05	
0.11	0.607143	6.0215e-05	
0.13	0.607143	6.0215e-05	
0.15	0.607143	6.0215e-05	
0.17	0.607143	6.0215e-05	
0.19	0.607143	6.0215e-05	
0.21	0.607143	6.0215e-05	
0.23	0.607143	6.0215e-05	
0.25	0.607143	6.0215e-05	
0.27	0.607143	6.0215e-05	
0.29	0.607143	6.0215e-05	
0.31	0.607143	6.0215e-05	
0.33	0.607143	6.0215e-05	
0.35	0.607143	6.0215e-05	
0.37	0.607143	6.0215e-05	
0.39	0.607143	6.0215e-05	
0.41	0.607143	6.0215e-05	
0.43	0.607143	6.0215e-05	
0.45	0.607143	6.0215e-05	
0.47	0.607143	6.0215e-05	
0.49	0.607143	6.0215e-05	
0.51	0.607143	0.00011364	
0.53	0.607143	0.00011364	
0.55	0.607143	0.00011364	
0.57	0.607143	0.00011364	
0.59	0.607143	0.00011364	
0.61	0.607143	0.00011364	
0.63	0.607143	0.00011364	
0.65	0.607143	0.00011364	
0.67	0.607143	0.00011364	
0.69	0.607143	0.00011364	
0.71	0.607143	0.00011364	
0.73	0.607143	0.00011364	
0.75	0.607143	0.00011364	
0.77	0.607143	0.00011364	
0.79	0.607143	0.00011364	
0.81	0.607143	0.00011364	
0.83	0.607143	0.00011364	
0.85	0.607143	0.00011364	
0.87	0.607143	0.00011364	
0.89	0.607143	0.00011364	
0.91	0.607143	0.00011364	
0.93	0.607143	0.00011364	
0.95	0.607143	0.00011364	
0.97	0.607143	0.00011364	
0.99	0.607143	0.00011364	
1.01	0.607143	0.00011364	
1.03	0.607143	0.00011364	
1.05	0.607143	0.00011364	
1.07	0.607143	0.00011364	
1.09	0.607143	0.00011364	
0.01	0.621429	6.0215e-05	
0.03	0.621429	6.0215e-05	
0.05	0.621429	6.0215e-05	
0.07	0.621429	6.0215e-05	
0.09	0.621429	6.0215e-05	
0.11	0.621429	6.0215e-05	
0.13	0.621429	6.0215e-05	
0.15	0.621429	6.0215e-05	
0.17	0.621429	6.0215e-05	
0.19	0.621429	6.0215e-05	
0.21	0.621429	6.0215e-05	
0.23	0.621429	6.0215e-05	
0.25	0.621429	6.0215e-05	
0.27	0.621429	6.0215e-05	
0.29	0.621429	6.0215e-05	
0.31	0.621429	6.0215e-05	
0.33	0.621429	6.0215e-05	
0.35	0.621429	6.0215e-05	
0.37	0.621429	6.0215e-05	
0.39	0.621429	6.0215e-05	
0.41	0.621429	6.0215e-05	
0.43	0.621429	6.0215e-05	
0.45	0.621429	6.0215e-05	
0.47	0.621429	6.0215e-05	
0.49	0.621429	6.0215e-05	
0.51	0.621429	0.00011364	
0.53	0.621429	0.00011364	
0.55	0.621429	0.00011364	
0.57	0.621429	0.00011364	
0.59	0.621429	0.00011364	
0.61	0.621429	0.00011364	
0.63	0.621429	0.00011364	
0.65	0.621429	0.00011364	
0.67	0.621429	0.00011364	
0.69	0.621429	0.00011364	
0.71	0.621429	0.00011364	
0.73	0.621429	0.00011364	
0.75	0.621429	0.00011364	
0.77	0.621429	0.00011364	
0.79	0.621429	0.00011364	
0.81	0.621429	0.00011364	
0.83	0.621429	0.00011364	
0.85	0.621429	0.00011364	
0.87	0.621429	0.00011364	
0.89	0.621429	0.00011364	
0.91	0.621429	0.00011364	
0.93	0.621429	0.00011364	
0.95	0.621429	0.00011364	
0.97	0.621429	0.00011364	
0.99	0.621429	0.00011364	
1.01	0.621429	0.00011364	
1.03	0.621429	0.00011364	
1.05	0.621429	0.00011364	
1.07	0.621429	0.00011364	
1.09	0.621429	0.00011364	
0.01	0.635714	6.0215e-05	
0.03	0.635714	6.0215e-05	
0.05	0.635714	6.0215e-05	
0.07	0.635714	6.0215e-05	
0.09	0.635714	6.0215e-05	
0.11	0.635714	6.0215e-05	
0.13	0.635714	6.0215e-05	
0.15	0.635714	6.0215e-05	
0.17	0.635714	6.0215e-05	
0.19	0.635714	6.0215e-05	
0.21	0.635714	6.0215e-05	
0.23	0.635714	6.0215e-05	
0.25	0.635714	6.0215e-05	
0.27	0.635714	6.0215e-05	
0.29	0.635714	6.0215e-05	
0.31	0.635714	6.0215e-05	
0.33	0.635714	6.0215e-05	
0.35	0.635714	6.0215e-05	
0.37	0.635714	6.0215e-05	
0.39	0.635714	6.0215e-05	
0.41	0.635714	6.0215e-05	
0.43	0.635714	6.0215e-05	
0.45	0.635714	6.0215e-05	
0.47	0.635714	6.0215e-05	
0.49	0.635714	6.0215e-05	
0.51	0.635714	0.00011364	
0.53	0.635714	0.00011364	
0.55	0.635714	0.00011364	
0.57	0.635714	0.00011364	
0.59	0.635714	0.00011364	
0.61	0.635714	0.00011364	
0.63	0.635714	0.00011364	
0.65	0.635714	0.00011364	
0.67	0.635714	0.00011364	
0.69	0.635714	0.00011364	
0.71	0.635714	0.00011364	
0.73	0.635714	0.00011364	
0.75	0.635714	0.00011364	
0.77	0.635714	0.00011364	
0.79	0.635714	0.00011364	
0.81	0.635714	0.00011364	
0.83	0.635714	0.00011364	
0.85	0.635714	0.00011364	
0.87	0.635714	0.00011364	
0.89	0.635714	0.00011364	
0.91	0.635714	0.00011364	
0.93	0.635714	0.00011364	
0.95	0.635714	0.00011364	
0.97	0.635714	0.00011364	
0.99	0.635714	0.00011364	
1.01	0.635714	0.00011364	
1.03	0.635714	0.00011364	
1.05	0.635714	0.00011364	
1.07	0.635714	0.00011364	
1.09	0.635714	0.00011364	
0.01	0.65	6.0215e-05	
0.03	0.65	6.0215e-05	
0.05	0.65	6.0215e-05	
0.07	0.65	6.0215e-05	
0.09	0.65	6.0215e-05	
0.11	0.65	6.0215e-05	
0.13	0.65	6.0215e-05	
0.15	0.65	6.0215e-05	
0.17	0.65	6.0215e-05	
0.19	0.65	6.0215e-05	
0.21	0.65	6.0215e-05	
0.23	0.65	6.0215e-05	
0.25	0.65	6.0215e-05	
0.27	0.65	6.0215e-05	
0.29	0.65	6.0215e-05	
0.31	0.65	6.0215e-05	
0.33	0.65	6.0215e-05	
0.35	0.65	6.0215e-05	
0.37	0.65	6.0215e-05	
0.39	0.65	6.0215e-05	
0.41	0.65	6.0215e-05	
0.43	0.65	6.0215e-05	
0.45	0.65	6.0215e-05	
0.47	0.65	6.0215e-05	
0.49	0.65	6.0215e-05	
0.51	0.65	0.00011364	
0.53	0.65	0.00011364	
0.55	0.65	0.00011364	
0.57	0.65	0.00011364	
0.59	0.65	0.00011364	
0.61	0.65	0.00011364	
0.63	0.65	0.00011364	
0.65	0.65	0.00011364	
0.67	0.65	0.00011364	
0.69	0.65	0.00011364	
0.71	0.65	0.00011364	
0.73	0.65	0.00011364	
0.75	0.65	0.00011364	
0.77	0.65	0.00011364	
0.79	0.65	0.00011364	
0.81	0.65	0.00011364	
0.83	0.65	0.00011364	
0.85	0.65	0.00011364	
0.87	0.65	0.00011364	
0.89	0.65	0.00011364	
0.91	0.65	0.00011364	
0.93	0.65	0.00011364	
0.95	0.65	0.00011364	
0.97	0.65	0.00011364	
0.99	0.65	0.00011364	
1.01	0.65	0.00011364	
1.03	0.65	0.00011364	
1.05	0.65	0.00011364	
1.07	0.65	0.00011364	
1.09	0.65	0.00011364	
0.01	0.664286	6.0215e-05	
0.03	0.664286	6.0215e-05	
0.05	0.664286	6.0215e-05	
0.07	0.664286	6.0215e-05	
0.09	0.664286	6.0215e-05	
0.11	0.664286	6.0215e-05	
0.13	0.664286	6.0215e-05	
0.15	0.664286	6.0215e-05	
0.17	0.664286	6.0215e-05	
0.19	0.664286	6.0215e-05	
0.21	0.664286	6.0215e-05	
0.23	0.664286	6.0215e-05	
0.25	0.664286	6.0215e-05	
0.27	0.664286	6.0215e-05	
0.29	0.664286	6.0215e-05	
0.31	0.664286	6.0215e-05	
0.33	0.664286	6.0215e-05	
0.35	0.664286	6.0215e-05	
0.37	0.664286	6.0215e-05	
0.39	0.664286	6.0215e-05	
0.41	0.664286	6.0215e-05	
0.43	0.664286	6.0215e-05	
0.45	0.664286	6.0215e-05	
0.47	0.664286	6.0215e-05	
0.49	0.664286	6.0215e-05	
0.51	0.664286	0.00011364	
0.53	0.664286	0.00011364	
0.55	0.664286	0.00011364	
0.57	0.664286	0.00011364	
0.59	0.664286	0.00011364	
0.61	0.664286	0.00011364	
0.63	0.664286	0.00011364	
0.65	0.664286	0.00011364	
0.67	0.664286	0.00011364	
0.69	0.664286	0.00011364	
0.71	0.664286	0.00011364	
0.73	0.664286	0.00011364	
0.75	0.664286	0.00011364	
0.77	0.664286	0.00011364	
0.79	0.664286	0.00011364	
0.81	0.664286	0.00011364	
0.83	0.664286	0.00011364	
0.85	0.664286	0.00011364	
0.87	0.664286	0.00011364	
0.89	0.664286	0.00011364	
0.91	0.664286	0.00011364	
0.93	0.664286	0.00011364	
0.95	0.664286	0.00011364	
0.97	0.664286	0.00011364	
0.99	0.664286	0.00011364	
1.01	0.664286	0.00011364	
1.03	0.664286	0.00011364	
1.05	0.664286	0.00011364	
1.07	0.664286	0.00011364	
1.09	0.664286	0.00011364	
0.01	0.678571	6.0215e-05	
0.03	0.678571	6.0215e-05	
0.05	0.678571	6.0215e-05	
0.07	0.678571	6.0215e-05	
0.09	0.678571	6.0215e-05	
0.11	0.678571	6.0215e-05	
0.13	0.678571	6.0215e-05	
0.15	0.678571	6.0215e-05	
0.17	0.678571	6.0215e-05	
0.19	0.678571	6.0215e-05	
0.21	0.678571	6.0215e-05	
0.23	0.678571	6.0215e-05	
0.25	0.678571	6.0215e-05	
0.27	0.678571	6.0215e-05	
0.29	0.678571	6.0215e-05	
0.31	0.678571	6.0215e-05	
0.33	0.678571	6.0215e-05	
0.35	0.678571	6.0215e-05	
0.37	0.678571	6.0215e-05	
0.39	0.678571	6.0215e-05	
0.41	0.678571	6.0215e-05	
0.43	0.678571	6.0215e-05	
0.45	0.678571	6.0215e-05	
0.47	0.678571	6.0215e-05	
0.49	0.678571	6.0215e-05	
0.51	0.678571	0.00011364	
0.53	0.678571	0.00011364	
0.55	0.678571	0.00011364	
0.57	0.678571	0.00011364	
0.59	0.678571	0.00011364	
0.61	0.678571	0.00011364	
0.63	0.678571	0.00011364	
0.65	0.678571	0.00011364	
0.67	0.678571	0.00011364	
0.69	0.678571	0.00011364	
0.71	0.678571	0.00011364	
0.73	0.678571	0.00011364	
0.75	0.678571	0.00011364	
0.77	0.678571	0.00011364	
0.79	0.678571	0.00011364	
0.81	0.678571	0.00011364	
0.83	0.678571	0.00011364	
0.85	0.678571	0.00011364	
0.87	0.678571	0.00011364	
0.89	0.678571	0.00011364	
0.91	0.678571	0.00011364	
0.93	0.678571	0.00011364	
0.95	0.678571	0.00011364	
0.97	0.678571	0.00011364	
0.99	0.678571	0.00011364	
1.01	0.678571	0.00011364	
1.03	0.678571	0.00011364	
1.05	0.678571	0.00011364	
1.07	0.678571	0.00011364	
1.09	0.678571	0.00011364	
0.01	0.692857	6.0215e-05	
0.03	0.692857	6.0215e-05	
0.05	0.692857	6.0215e-05	
0.07	0.692857	6.0215e-05	
0.09	0.692857	6.0215e-05	
0.11	0.692857	6.0215e-05	
0.13	0.692857	6.0215e-05	
0.15	0.692857	6.0215e-05	
0.17	0.692857	6.0215e-05	
0.19	0.692857	6.0215e-05	
0.21	0.692857	6.0215e-05	
0.23	0.692857	6.0215e-05	
0.25	0.692857	6.0215e-05	
0.27	0.692857	6.0215e-05	
0.29	0.692857	6.0215e-05	
0.31	0.692857	6.0215e-05	
0.33	0.692857	6.0215e-05	
0.35	0.692857	6.0215e-05	
0.37	0.692857	6.0215e-05	
0.39	0.692857	6.0215e-05	
0.41	0.692857	6.0215e-05	
0.43	0.692857	6.0215e-05	
0.45	0.692857	6.0215e-05	
0.47	0.692857	6.0215e-05	
0.49	0.692857	6.0215e-05	
0.51	0.692857	0.00011364	
0.53	0.692857	0.00011364	
0.55	0.692857	0.00011364	
0.57	0.692857	0.00011364	
0.59	0.692857	0.00011364	
0.61	0.692857	0.00011364	
0.63	0.692857	0.00011364	
0.65	0.692857	0.00011364	
0.67	0.692857	0.00011364	
0.69	0.692857	0.00011364	
0.71	0.692857	0.00011364	
0.73	0.692857	0.00011364	
0.75	0.692857	0.00011364	
0.77	0.692857	0.00011364	
0.79	0.692857	0.00011364	
0.81	0.692857	0.00011364	
0.83	0.692857	0.00011364	
0.85	0.692857	0.00011364	
0.87	0.692857	0.00011364	
0.89	0.692857	0.00011364	
0.91	0.692857	0.00011364	
0.93	0.692857	0.00011364	
0.95	0.692857	0.00011364	
0.97	0.692857	0.00011364	
0.99	0.692857	0.00011364	
1.01	0.692857	0.00011364	
1.03	0.692857	0.00011364	
1.05	0.692857	0.00011364	
1.07	0.692857	0.00011364	
1.09	0.692857	0.00011364	
0.01	0.707143	6.0215e-05	
0.03	0.707143	6.0215e-05	
0.05	0.707143	6.0215e-05	
0.07	0.707143	6.0215e-05	
0.09	0.707143	6.0215e-05	
0.11	0.707143	6.0215e-05	
0.13	0.707143	6.0215e-05	
0.15	0.707143	6.0215e-05	
0.17	0.707143	6.0215e-05	
0.19	0.707143	6.0215e-05	
0.21	0.707143	6.0215e-05	
0.23	0.707143	6.0215e-05	
0.25	0.707143	6.0215e-05	
0.27	0.707143	6.0215e-05	
0.29	0.707143	6.0215e-05	
0.31	0.707143	6.0215e-05	
0.33	0.707143	6.0215e-05	
0.35	0.707143	6.0215e-05	
0.37	0.707143	6.0215e-05	
0.39	0.707143	6.0215e-05	
0.41	0.707143	6.0215e-05	
0.43	0.707143	6.0215e-05	
0.45	0.707143	6.0215e-05	
0.47	0.707143	6.0215e-05	
0.49	0.707143	6.0215e-05	
0.51	0.707143	0.00012995	
0.53	0.707143	0.00012995	
0.55	0.707143	0.00012995	
0.57	0.707143	0.00012995	
0.59	0.707143	0.00012995	
0.61	0.707143	0.00012995	
0.63	0.707143	0.00012995	
0.65	0.707143	0.00012995	
0.67	0.707143	0.00012995	
0.69	0.707143	0.00012995	
0.71	0.707143	0.00012995	
0.73	0.707143	0.00012995	
0.75	0.707143	0.00012995	
0.77	0.707143	0.00012995	
0.79	0.707143	0.00012995	
0.81	0.707143	0.00012995	
0.83	0.707143	0.00012995	
0.85	0.707143	0.00012995	
0.87	0.707143	0.00012995	
0.89	0.707143	0.00012995	
0.91	0.707143	0.00012995	
0.93	0.707143	0.00012995	
0.95	0.707143	0.00012995	
0.97	0.707143	0.00012995	
0.99	0.707143	0.00012995	
1.01	0.707143	0.00012995	
1.03	0.707143	0.00012995	
1.05	0.707143	0.00012995	
1.07	0.707143	0.00012995	
1.09	0.707143	0.00012995	
0.01	0.721429	6.0215e-05	
0.03	0.721429	6.0215e-05	
0.05	0.721429	6.0215e-05	
0.07	0.721429	6.0215e-05	
0.09	0.721429	6.0215e-05	
0.11	0.721429	6.0215e-05	
0.13	0.721429	6.0215e-05	
0.15	0.721429	6.0215e-05	
0.17	0.721429	6.0215e-05	
0.19	0.721429	6.0215e-05	
0.21	0.721429	6.0215e-05	
0.23	0.721429	6.0215e-05	
0.25	0.721429	6.0215e-05	
0.27	0.721429	6.0215e-05	
0.29	0.721429	6.0215e-05	
0.31	0.721429	6.0215e-05	
0.33	0.721429	6.0215e-05	
0.35	0.721429	6.0215e-05	
0.37	0.721429	6.0215e-05	
0.39	0.721429	6.0215e-05	
0.41	0.721429	6.0215e-05	
0.43	0.721429	6.0215e-05	
0.45	0.721429	6.0215e-05	
0.47	0.721429	6.0215e-05	
0.49	0.721429	6.0215e-05	
0.51	0.721429	0.00012995	
0.53	0.721429	0.00012995	
0.55	0.721429	0.00012995	
0.57	0.721429	0.00012995	
0.59	0.721429	0.00012995	
0.61	0.721429	0.00012995	
0.63	0.721429	0.00012995	
0.65	0.721429	0.00012995	
0.67	0.721429	0.00012995	
0.69	0.721429	0.00012995	
0.71	0.721429	0.00012995	
0.73	0.721429	0.00012995	
0.75	0.721429	0.00012995	
0.77	0.721429	0.00012995	
0.79	0.721429	0.00012995	
0.81	0.721429	0.00012995	
0.83	0.721429	0.00012995	
0.85	0.721429	0.00012995	
0.87	0.721429	0.00012995	
0.89	0.721429	0.00012995	
0.91	0.721429	0.00012995	
0.93	0.721429	0.00012995	
0.95	0.721429	0.00012995	
0.97	0.721429	0.00012995	
0.99	0.721429	0.00012995	
1.01	0.721429	0.00012995	
1.03	0.721429	0.00012995	
1.05	0.721429	0.00012995	
1.07	0.721429	0.00012995	
1.09	0.721429	0.00012995	
0.01	0.735714	6.0215e-05	
0.03	0.735714	6.0215e-05	
0.05	0.735714	6.0215e-05	
0.07	0.735714	6.0215e-05	
0.09	0.735714	6.0215e-05	
0.11	0.735714	6.0215e-05	
0.13	0.735714	6.0215e-05	
0.15	0.735714	6.0215e-05	
0.17	0.735714	6.0215e-05	
0.19	0.735714	6.0215e-05	
0.21	0.735714	6.0215e-05	
0.23	0.735714	6.0215e-05	
0.25	0.735714	6.0215e-05	
0.27	0.735714	6.0215e-05	
0.29	0.735714	6.0215e-05	
0.31	0.735714	6.0215e-05	
0.33	0.735714	6.0215e-05	
0.35	0.735714	6.0215e-05	
0.37	0.735714	6.0215e-05	
0.39	0.735714	6.0215e-05	
0.41	0.735714	6.0215e-05	
0.43	0.735714	6.0215e-05	
0.45	0.735714	6.0215e-05	
0.47	0.735714	6.0215e-05	
0.49	0.735714	6.0215e-05	
0.51	0.735714	0.00012995	
0.53	0.735714	0.00012995	
0.55	0.735714	0.00012995	
0.57	0.735714	0.00012995	
0.59	0.735714	0.00012995	
0.61	0.735714	0.00012995	
0.63	0.735714	0.00012995	
0.65	0.735714	0.00012995	
0.67	0.735714	0.00012995	
0.69	0.735714	0.00012995	
0.71	0.735714	0.00012995	
0.73	0.735714	0.00012995	
0.75	0.735714	0.00012995	
0.77	0.735714	0.00012995	
0.79	0.735714	0.00012995	
0.81	0.735714	0.00012995	
0.83	0.735714	0.00012995	
0.85	0.735714	0.00012995	
0.87	0.735714	0.00012995	
0.89	0.735714	0.00012995	
0.91	0.735714	0.00012995	
0.93	0.735714	0.00012995	
0.95	0.735714	0.00012995	
0.97	0.735714	0.00012995	
0.99	0.735714	0.00012995	
1.01	0.735714	0.00012995	
1.03	0.735714	0.00012995	
1.05	0.735714	0.00012995	
1.07	0.735714	0.00012995	
1.09	0.735714	0.00012995	
0.01	0.75	6.0215e-05	
0.03	0.75	6.0215e-05	
0.05	0.75	6.0215e-05	
0.07	0.75	6.0215e-05	
0.09	0.75	6.0215e-05	
0.11	0.75	6.0215e-05	
0.13	0.75	6.0215e-05	
0.15	0.75	6.0215e-05	
0.17	0.75	6.0215e-05	
0.19	0.75	6.0215e-05	
0.21	0.75	6.0215e-05	
0.23	0.75	6.0215e-05	
0.25	0.75	6.0215e-05	
0.27	0.75	6.0215e-05	
0.29	0.75	6.0215e-05	
0.31	0.75	6.0215e-05	
0.33	0.75	6.0215e-05	
0.35	0.75	6.0215e-05	
0.37	0.75	6.0215e-05	
0.39	0.75	6.0215e-05	
0.41	0.75	6.0215e-05	
0.43	0.75	6.0215e-05	
0.45	0.75	6.0215e-05	
0.47	0.75	6.0215e-05	
0.49	0.75	6.0215e-05	
0.51	0.75	0.00012995	
0.53	0.75	0.00012995	
0.55	0.75	0.00012995	
0.57	0.75	0.00012995	
0.59	0.75	0.00012995	
0.61	0.75	0.00012995	
0.63	0.75	0.00012995	
0.65	0.75	0.00012995	
0.67	0.75	0.00012995	
0.69	0.75	0.00012995	
0.71	0.75	0.00012995	
0.73	0.75	0.00012995	
0.75	0.75	0.00012995	
0.77	0.75	0.00012995	
0.79	0.75	0.00012995	
0.81	0.75	0.00012995	
0.83	0.75	0.00012995	
0.85	0.75	0.00012995	
0.87	0.75	0.00012995	
0.89	0.75	0.00012995	
0.91	0.75	0.00012995	
0.93	0.75	0.00012995	
0.95	0.75	0.00012995	
0.97	0.75	0.00012995	
0.99	0.75	0.00012995	
1.01	0.75	0.00012995	
1.03	0.75	0.00012995	
1.05	0.75	0.00012995	
1.07	0.75	0.00012995	
1.09	0.75	0.00012995	
0.01	0.764286	6.0215e-05	
0.03	0.764286	6.0215e-05	
0.05	0.764286	6.0215e-05	
0.07	0.764286	6.0215e-05	
0.09	0.764286	6.0215e-05	
0.11	0.764286	6.0215e-05	
0.13	0.764286	6.0215e-05	
0.15	0.764286	6.0215e-05	
0.17	0.764286	6.0215e-05	
0.19	0.764286	6.0215e-05	
0.21	0.764286	6.0215e-05	
0.23	0.764286	6.0215e-05	
0.25	0.764286	6.0215e-05	
0.27	0.764286	6.0215e-05	
0.29	0.764286	6.0215e-05	
0.31	0.764286	6.0215e-05	
0.33	0.764286	6.0215e-05	
0.35	0.764286	6.0215e-05	
0.37	0.764286	6.0215e-05	
0.39	0.764286	6.0215e-05	
0.41	0.764286	6.0215e-05	
0.43	0.764286	6.0215e-05	
0.45	0.764286	6.0215e-05	
0.47	0.764286	6.0215e-05	
0.49	0.764286	6.0215e-05	
0.51	0.764286	0.00012995	
0.53	0.764286	0.00012995	
0.55	0.764286	0.00012995	
0.57	0.764286	0.00012995	
0.59	0.764286	0.00012995	
0.61	0.764286	0.00012995	
0.63	0.764286	0.00012995	
0.65	0.764286	0.00012995	
0.67	0.764286	0.00012995	
0.69	0.764286	0.00012995	
0.71	0.764286	0.00012995	
0.73	0.764286	0.00012995	
0.75	0.764286	0.00012995	
0.77	0.764286	0.00012995	
0.79	0.764286	0.00012995	
0.81	0.764286	0.00012995	
0.83	0.764286	0.00012995	
0.85	0.764286	0.00012995	
0.87	0.764286	0.00012995	
0.89	0.764286	0.00012995	
0.91	0.764286	0.00012995	
0.93	0.764286	0.00012995	
0.95	0.764286	0.00012995	
0.97	0.764286	0.00012995	
0.99	0.764286	0.00012995	
1.01	0.764286	0.00012995	
1.03	0.764286	0.00012995	
1.05	0.764286	0.00012995	
1.07	0.764286	0.00012995	
1.09	0.764286	0.00012995	
0.01	0.778571	6.0215e-05	
0.03	0.778571	6.0215e-05	
0.05	0.778571	6.0215e-05	
0.07	0.778571	6.0215e-05	
0.09	0.778571	6.0215e-05	
0.11	0.778571	6.0215e-05	
0.13	0.778571	6.0215e-05	
0.15	0.778571	6.0215e-05	
0.17	0.778571	6.0215e-05	
0.19	0.778571	6.0215e-05	
0.21	0.778571	6.0215e-05	
0.23	0.778571	6.0215e-05	
0.25	0.778571	6.0215e-05	
0.27	0.778571	6.0215e-05	
0.29	0.778571	6.0215e-05	
0.31	0.778571	6.0215e-05	
0.33	0.778571	6.0215e-05	
0.35	0.778571	6.0215e-05	
0.37	0.778571	6.0215e-05	
0.39	0.778571	6.0215e-05	
0.41	0.778571	6.0215e-05	
0.43	0.778571	6.0215e-05	
0.45	0.778571	6.0215e-05	
0.47	0.778571	6.0215e-05	
0.49	0.778571	6.0215e-05	
0.51	0.778571	0.00012995	
0.53	0.778571	0.00012995	
0.55	0.778571	0.00012995	
0.57	0.778571	0.00012995	
0.59	0.778571	0.00012995	
0.61	0.778571	0.00012995	
0.63	0.778571	0.00012995	
0.65	0.778571	0.00012995	
0.67	0.778571	0.00012995	
0.69	0.778571	0.00012995	
0.71	0.778571	0.00012995	
0.73	0.778571	0.00012995	
0.75	0.778571	0.00012995	
0.77	0.778571	0.00012995	
0.79	0.778571	0.00012995	
0.81	0.778571	0.00012995	
0.83	0.778571	0.00012995	
0.85	0.778571	0.00012995	
0.87	0.778571	0.00012995	
0.89	0.778571	0.00012995	
0.91	0.778571	0.00012995	
0.93	0.778571	0.00012995	
0.95	0.778571	0.00012995	
0.97	0.778571	0.00012995	
0.99	0.778571	0.00012995	
1.01	0.778571	0.00012995	
1.03	0.778571	0.00012995	
1.05	0.778571	0.00012995	
1.07	0.778571	0.00012995	
1.09	0.778571	0.00012995	
0.01	0.792857	6.0215e-05	
0.03	0.792857	6.0215e-05	
0.05	0.792857	6.0215e-05	
0.07	0.792857	6.0215e-05	
0.09	0.792857	6.0215e-05	
0.11	0.792857	6.0215e-05	
0.13	0.792857	6.0215e-05	
0.15	0.792857	6.0215e-05	
0.17	0.792857	6.0215e-05	
0.19	0.792857	6.0215e-05	
0.21	0.792857	6.0215e-05	
0.23	0.792857	6.0215e-05	
0.25	0.792857	6.0215e-05	
0.27	0.792857	6.0215e-05	
0.29	0.792857	6.0215e-05	
0.31	0.792857	6.0215e-05	
0.33	0.792857	6.0215e-05	
0.35	0.792857	6.0215e-05	
0.37	0.792857	6.0215e-05	
0.39	0.792857	6.0215e-05	
0.41	0.792857	6.0215e-05	
0.43	0.792857	6.0215e-05	
0.45	0.792857	6.0215e-05	
0.47	0.792857	6.0215e-05	
0.49	0.792857	6.0215e-05	
0.51	0.792857	0.00012995	
0.53	0.792857	0.00012995	
0.55	0.792857	0.00012995	
0.57	0.792857	0.00012995	
0.59	0.792857	0.00012995	
0.61	0.792857	0.00012995	
0.63	0.792857	0.00012995	
0.65	0.792857	0.00012995	
0.67	0.792857	0.00012995	
0.69	0.792857	0.00012995	
0.71	0.792857	0.00012995	
0.73	0.792857	0.00012995	
0.75	0.792857	0.00012995	
0.77	0.792857	0.00012995	
0.79	0.792857	0.00012995	
0.81	0.792857	0.00012995	
0.83	0.792857	0.00012995	
0.85	0.792857	0.00012995	
0.87	0.792857	0.00012995	
0.89	0.792857	0.00012995	
0.91	0.792857	0.00012995	
0.93	0.792857	0.00012995	
0.95	0.792857	0.00012995	
0.97	0.792857	0.00012995	
0.99	0.792857	0.00012995	
1.01	0.792857	0.00012995	
1.03	0.792857	0.00012995	
1.05	0.792857	0.00012995	
1.07	0.792857	0.00012995	
1.09	0.792857	0.00012995	

