398	4	0	0
0	0	3	3	
1	0	3	3	
2	0	3	3	
3	0	3	3	
4	0	3	3	
5	0	3	3	
6	0	3	3	
7	0	3	3	
8	0	3	3	
9	0	3	3	
10	0	3	3	
11	0	3	3	
12	0	3	3	
13	0	3	3	
14	0	3	3	
15	0	3	3	
16	0	3	3	
17	0	3	3	
18	0	3	3	
19	0	3	3	
20	0	3	3	
21	0	3	3	
22	0	3	3	
23	0	3	3	
24	0	3	3	
25	0	3	3	
26	0	3	3	
27	0	3	3	
28	0	3	3	
29	0	3	3	
30	0	3	3	
31	0	3	3	
32	0	3	3	
33	0	3	3	
34	0	3	3	
35	0	3	3	
36	0	3	3	
37	0	3	3	
38	0	3	3	
39	0	3	3	
40	0	3	3	
41	0	3	3	
42	0	3	3	
43	0	3	3	
44	0	3	3	
45	0	3	3	
46	0	3	3	
47	0	3	3	
48	0	3	3	
49	0	3	3	
50	0	3	3	
51	0	3	3	
52	0	3	3	
53	0	3	3	
54	0	3	3	
55	0	3	3	
56	0	3	3	
57	0	3	3	
58	0	3	3	
59	0	3	3	
60	0	3	3	
61	0	3	3	
62	0	3	3	
63	0	3	3	
64	0	3	3	
65	0	3	3	
66	0	3	3	
67	0	3	3	
68	0	3	3	
69	0	3	3	
70	0	3	3	
71	0	3	3	
72	0	3	3	
73	0	3	3	
74	0	3	3	
75	0	3	3	
76	0	3	3	
77	0	3	3	
78	0	3	3	
79	0	3	3	
80	0	3	3	
81	0	3	3	
82	0	3	3	
83	0	3	3	
84	0	3	3	
85	0	3	3	
86	0	3	3	
87	0	3	3	
88	0	3	3	
89	0	3	3	
90	0	3	3	
91	0	3	3	
92	0	3	3	
93	0	3	3	
94	0	3	3	
95	0	3	3	
96	0	3	3	
97	0	3	3	
98	0	3	3	
99	0	3	3	
100	0	3	2	
199	0	3	0	
200	0	3	2	
299	0	3	0	
300	0	3	2	
399	0	3	0	
400	0	3	2	
499	0	3	0	
500	0	3	2	
599	0	3	0	
600	0	3	2	
699	0	3	0	
700	0	3	2	
799	0	3	0	
800	0	3	2	
899	0	3	0	
900	0	3	2	
999	0	3	0	
1000	0	3	2	
1099	0	3	0	
1100	0	3	2	
1199	0	3	0	
1200	0	3	2	
1299	0	3	0	
1300	0	3	2	
1399	0	3	0	
1400	0	3	2	
1499	0	3	0	
1500	0	3	2	
1599	0	3	0	
1600	0	3	2	
1699	0	3	0	
1700	0	3	2	
1799	0	3	0	
1800	0	3	2	
1899	0	3	0	
1900	0	3	2	
1999	0	3	0	
2000	0	3	2	
2099	0	3	0	
2100	0	3	2	
2199	0	3	0	
2200	0	3	2	
2299	0	3	0	
2300	0	3	2	
2399	0	3	0	
2400	0	3	2	
2499	0	3	0	
2500	0	3	2	
2599	0	3	0	
2600	0	3	2	
2699	0	3	0	
2700	0	3	2	
2799	0	3	0	
2800	0	3	2	
2899	0	3	0	
2900	0	3	2	
2999	0	3	0	
3000	0	3	2	
3099	0	3	0	
3100	0	3	2	
3199	0	3	0	
3200	0	3	2	
3299	0	3	0	
3300	0	3	2	
3399	0	3	0	
3400	0	3	2	
3499	0	3	0	
3500	0	3	2	
3599	0	3	0	
3600	0	3	2	
3699	0	3	0	
3700	0	3	2	
3799	0	3	0	
3800	0	3	2	
3899	0	3	0	
3900	0	3	2	
3999	0	3	0	
4000	0	3	2	
4099	0	3	0	
4100	0	3	2	
4199	0	3	0	
4200	0	3	2	
4299	0	3	0	
4300	0	3	2	
4399	0	3	0	
4400	0	3	2	
4499	0	3	0	
4500	0	3	2	
4599	0	3	0	
4600	0	3	2	
4699	0	3	0	
4700	0	3	2	
4799	0	3	0	
4800	0	3	2	
4899	0	3	0	
4900	0	3	2	
4999	0	3	0	
5000	0	3	2	
5099	0	3	0	
5100	0	3	2	
5199	0	3	0	
5200	0	3	2	
5299	0	3	0	
5300	0	3	2	
5399	0	3	0	
5400	0	3	2	
5499	0	3	0	
5500	0	3	2	
5599	0	3	0	
5600	0	3	2	
5699	0	3	0	
5700	0	3	2	
5799	0	3	0	
5800	0	3	2	
5899	0	3	0	
5900	0	3	2	
5999	0	3	0	
6000	0	3	2	
6099	0	3	0	
6100	0	3	2	
6199	0	3	0	
6200	0	3	2	
6299	0	3	0	
6300	0	3	2	
6399	0	3	0	
6400	0	3	2	
6499	0	3	0	
6500	0	3	2	
6599	0	3	0	
6600	0	3	2	
6699	0	3	0	
6700	0	3	2	
6799	0	3	0	
6800	0	3	2	
6899	0	3	0	
6900	0	3	2	
6999	0	3	0	
7000	0	3	2	
7099	0	3	0	
7100	0	3	2	
7199	0	3	0	
7200	0	3	2	
7299	0	3	0	
7300	0	3	2	
7399	0	3	0	
7400	0	3	2	
7499	0	3	0	
7500	0	3	2	
7599	0	3	0	
7600	0	3	2	
7699	0	3	0	
7700	0	3	2	
7799	0	3	0	
7800	0	3	2	
7899	0	3	0	
7900	0	3	2	
7999	0	3	0	
8000	0	3	2	
8099	0	3	0	
8100	0	3	2	
8199	0	3	0	
8200	0	3	2	
8299	0	3	0	
8300	0	3	2	
8399	0	3	0	
8400	0	3	2	
8499	0	3	0	
8500	0	3	2	
8599	0	3	0	
8600	0	3	2	
8699	0	3	0	
8700	0	3	2	
8799	0	3	0	
8800	0	3	2	
8899	0	3	0	
8900	0	3	2	
8999	0	3	0	
9000	0	3	2	
9099	0	3	0	
9100	0	3	2	
9199	0	3	0	
9200	0	3	2	
9299	0	3	0	
9300	0	3	2	
9399	0	3	0	
9400	0	3	2	
9499	0	3	0	
9500	0	3	2	
9599	0	3	0	
9600	0	3	2	
9699	0	3	0	
9700	0	3	2	
9799	0	3	0	
9800	0	3	2	
9899	0	3	0	
9900	0	3	2	
9999	0	3	0	
10000	0	3	1	
10001	0	3	1	
10002	0	3	1	
10003	0	3	1	
10004	0	3	1	
10005	0	3	1	
10006	0	3	1	
10007	0	3	1	
10008	0	3	1	
10009	0	3	1	
10010	0	3	1	
10011	0	3	1	
10012	0	3	1	
10013	0	3	1	
10014	0	3	1	
10015	0	3	1	
10016	0	3	1	
10017	0	3	1	
10018	0	3	1	
10019	0	3	1	
10020	0	3	1	
10021	0	3	1	
10022	0	3	1	
10023	0	3	1	
10024	0	3	1	
10025	0	3	1	
10026	0	3	1	
10027	0	3	1	
10028	0	3	1	
10029	0	3	1	
10030	0	3	1	
10031	0	3	1	
10032	0	3	1	
10033	0	3	1	
10034	0	3	1	
10035	0	3	1	
10036	0	3	1	
10037	0	3	1	
10038	0	3	1	
10039	0	3	1	
10040	0	3	1	
10041	0	3	1	
10042	0	3	1	
10043	0	3	1	
10044	0	3	1	
10045	0	3	1	
10046	0	3	1	
10047	0	3	1	
10048	0	3	1	
10049	0	3	1	
10050	0	3	1	
10051	0	3	1	
10052	0	3	1	
10053	0	3	1	
10054	0	3	1	
10055	0	3	1	
10056	0	3	1	
10057	0	3	1	
10058	0	3	1	
10059	0	3	1	
10060	0	3	1	
10061	0	3	1	
10062	0	3	1	
10063	0	3	1	
10064	0	3	1	
10065	0	3	1	
10066	0	3	1	
10067	0	3	1	
10068	0	3	1	
10069	0	3	1	
10070	0	3	1	
10071	0	3	1	
10072	0	3	1	
10073	0	3	1	
10074	0	3	1	
10075	0	3	1	
10076	0	3	1	
10077	0	3	1	
10078	0	3	1	
10079	0	3	1	
10080	0	3	1	
10081	0	3	1	
10082	0	3	1	
10083	0	3	1	
10084	0	3	1	
10085	0	3	1	
10086	0	3	1	
10087	0	3	1	
10088	0	3	1	
10089	0	3	1	
10090	0	3	1	
10091	0	3	1	
10092	0	3	1	
10093	0	3	1	
10094	0	3	1	
10095	0	3	1	
10096	0	3	1	
10097	0	3	1	
10098	0	3	1	
10099	0	3	1	

